      -36           36
      -36          -36
       36           36
       36          -36
 -5.19615           -3
       -3     -5.19615
        0           -6
        3     -5.19615
  5.19615           -3
       -6            0
        6            0
  5.19615            3
        3      5.19615
        0            6
       -3      5.19615
 -5.19615            3
      -36           33
      -36           30
      -36           27
      -36           24
      -36           21
      -36           18
      -36           15
      -36           12
      -36            9
      -36            6
      -36            3
      -36            0
      -36           -3
      -36           -6
      -36           -9
      -36          -12
      -36          -15
      -36          -18
      -36          -21
      -36          -24
      -36          -27
      -36          -30
      -36          -33
       33           36
       30           36
       27           36
       24           36
       21           36
       18           36
       15           36
       12           36
        9           36
        6           36
        3           36
        0           36
       -3           36
       -6           36
       -9           36
      -12           36
      -15           36
      -18           36
      -21           36
      -24           36
      -27           36
      -30           36
      -33           36
       36          -33
       36          -30
       36          -27
       36          -24
       36          -21
       36          -18
       36          -15
       36          -12
       36           -9
       36           -6
       36           -3
       36            0
       36            3
       36            6
       36            9
       36           12
       36           15
       36           18
       36           21
       36           24
       36           27
       36           30
       36           33
      -33          -36
      -30          -36
      -27          -36
      -24          -36
      -21          -36
      -18          -36
      -15          -36
      -12          -36
       -9          -36
       -6          -36
       -3          -36
        0          -36
        3          -36
        6          -36
        9          -36
       12          -36
       15          -36
       18          -36
       21          -36
       24          -36
       27          -36
       30          -36
       33          -36
 -2.79042     -33.1981
 -33.1355      14.7413
 -33.3322      5.81321
 -6.33969      33.2163
 -18.0714      33.4007
  33.2969      6.09976
  33.1996      18.0737
  -11.894     -33.1154
 -32.9998      17.7001
 -9.29681      33.3338
 -32.6827       23.852
 -32.8494      20.7247
 -33.2705      11.7454
 -33.3435      8.76304
 -33.3151    -0.121667
 -33.3033     -3.10799
 -33.0353     -9.05783
 -32.9818      -15.088
 -33.0181     -18.1547
 -33.1098     -24.1874
 -33.1187     -27.1516
  11.9396      33.2431
  8.88816      33.3049
  2.74439      33.1595
-0.301128      33.0756
 -12.2201      33.4122
  -15.137      33.4383
 -21.0167      33.3447
   -23.99      33.2612
 -26.9863      33.1655
 -29.9837      33.0797
 -32.9834      33.0231
  33.0466     -18.0528
  33.0892     -11.9377
  33.0642     -8.86439
  33.1425     -2.80799
  33.2472     0.162578
  33.2713      9.06682
  33.2343      12.0566
   33.215      15.0504
  33.1796      21.0827
  33.1471      24.0698
  33.1097       27.061
  33.0733      30.0464
  33.0379      33.0294
 -30.0837     -33.0876
 -21.0318     -33.1111
 -17.9992     -33.1161
 -14.9528     -33.1151
 -8.86142     -33.1207
 -5.82785     -33.1492
  3.17581     -33.2999
  6.12856     -33.3084
  12.0501       -33.24
  18.0622      -33.204
  21.0642     -33.1807
  27.0645     -33.1188
   30.048     -33.0787
  33.0307     -33.0408
  33.0859     -15.0175
  9.07134      -33.288
 0.201912     -33.2708
 -33.3287       2.8546
 -33.1538     -6.08263
 -32.9831      -12.073
 -33.0666     -21.1814
  21.0116       32.994
  14.9789       33.178
  5.82417      33.2849
 -3.32042      33.1234
  33.0126     -21.0521
  33.0632     -5.82416
   33.306      3.12183
  15.0372     -33.2238
  24.0614     -33.1467
 -6.98569      6.62859
  6.14471     -7.37338
 -2.45431     -8.98376
  2.57568     -8.68498
  2.39519      9.52284
 -6.09569     -7.22434
  8.97736      3.43593
 -2.04452      9.31789
  8.98972     -3.08451
  6.77882      6.60893
  -9.1278      3.24742
 -8.84955     -3.00354
 -33.0605     -33.0592
   -32.78      26.9454
  -24.068     -33.1119
  24.0237      32.9848
  32.9995     -24.0439
  17.9766      33.0747
 -15.2348      30.8961
  30.4344      15.0415
 -30.3476      14.3199
 -6.74843      30.5308
 -14.9568     -30.2877
 -5.63105     -30.3366
 -30.6716      11.4327
  30.6946      6.11315
 -11.8332     -30.2654
 -30.7088       5.6685
 -9.63828      30.7467
  30.3153     -11.9603
  30.3492      21.1036
 -30.7736       8.5352
  -29.077      23.6109
  30.1754      27.0542
  30.4135      18.0659
  30.4623      12.0134
  33.0107     -27.0511
  30.5881      9.01954
 -30.1893     -27.2805
 -30.0782     -18.3149
 -8.72807     -30.2551
 -20.9124      30.7101
 -30.0346      17.2092
 -29.8774      20.2063
  -27.086     -33.1071
  2.64812      30.4422
  -12.441      30.8793
 -18.0494      30.8472
  -23.831      30.5297
 -26.8281      30.3098
 -32.9045      30.0095
  30.3062     -2.57408
  30.2564      24.0749
  27.0457       33.007
  30.0509       33.026
 -21.0928     -30.2856
 -18.0448     -30.2884
  18.0355     -30.4332
  27.0467     -30.1826
  33.0272     -30.0544
  11.8665      30.6769
  3.32072     -30.6981
 -30.6773     -3.13373
  30.6798      3.22738
 -2.53343     -30.4556
 -30.6497      2.72524
 -3.69461       30.277
  14.8482      30.4648
   8.8126      30.8014
  24.0554     -30.2594
  14.9989     -30.4784
  30.1966     -8.81577
 -30.0037     -15.2382
  12.0043     -30.5173
 0.437512     -30.6015
 -30.6097    -0.242178
 -30.2052      -6.0102
 -30.1866     -24.3542
  5.77362      30.7874
-0.555818      30.1097
  30.2835     -15.0416
   30.576     0.354779
  6.20586     -30.6709
  29.9899     -21.0638
  30.1383     -18.0695
 -29.9989     -9.08183
  -30.146     -21.3617
  9.07109     -30.5933
  21.0545      -30.348
 -29.9675     -12.1932
  30.0883     -5.64623
 -29.8486      30.1056
  30.1042      30.0385
  30.0329     -30.1064
 -33.0971     -30.1035
  20.9077      29.9438
  29.9839     -27.0958
 -27.1601     -30.2386
  27.0899      29.9857
 -2.18121     -27.7827
  -28.002       2.7118
  5.87246       28.626
  2.93679      27.9981
 -0.69694      26.7469
  8.69325      28.5018
 -5.39833     -27.5776
 -28.0816      5.62012
  -26.934     -5.48561
  6.17677     -28.0771
 0.785087     -27.9238
 -27.5984    -0.567415
  11.6394       28.312
  27.6478      11.8719
  28.2424      6.03788
  27.9169      8.80402
 -28.4838     -3.02696
  3.43022     -28.2568
 -8.56515     -27.3038
 -11.7964       -27.42
 -28.3234      8.38399
 -28.2949      11.0816
  28.0898      3.32574
  27.5218     -2.14256
  26.8583     -5.45886
  28.0395     0.623866
  27.4999     -8.97883
 -23.4748      27.8075
  27.7421     -12.0728
 -20.6604      28.0817
  23.9584     -27.2986
 -27.2483     -24.4844
 -17.9493      28.2942
  20.9427     -27.5333
 -27.2586     -21.5408
 -4.24106      27.5288
  17.9262     -27.7352
 -27.2284     -18.5448
 -15.2816      28.4084
  -15.033     -27.4882
  14.5288      27.8694
 -27.0701     -9.14044
  8.96715     -27.8496
  27.6904      14.9756
 -27.6415      13.6417
  27.2986      24.0108
  26.8519     -20.9982
  27.6088     -15.0078
 -12.6651      28.3567
 -7.26511      27.9667
 -10.0378      28.2222
 -27.1109     -15.4948
  14.9094     -27.7918
  27.5267      21.0227
 -27.0354      21.7502
 -27.2434      19.6089
  27.6772      18.0098
  27.2578      -17.974
 -26.8614      16.5766
  -18.125     -27.4604
 -21.1698     -27.4446
 -26.9731     -12.3864
  11.8961     -27.7788
  24.0053      29.9137
 -29.5677      27.0191
  29.9506     -24.0593
 -24.1384     -30.2697
  17.8337      30.1683
  27.1538      26.9617
  26.9531     -27.1563
 -26.4522      27.4368
  23.9837      26.8089
  26.8469     -24.0722
 -25.7709      24.6718
  20.6894      26.7674
 -24.2097     -27.4237
  17.7675      -25.138
 -24.3712     -15.8735
   24.579     -17.5872
  14.8453     -25.1579
 -17.7304      25.7697
 -12.9297      25.7505
 -24.8083      17.7201
   24.146       23.772
   24.679      20.8348
  23.7442     -24.2246
 -24.4995     -18.8158
 -24.4035     -21.6869
  20.7245     -24.7588
 -22.8587      25.0505
 -20.2161      25.3904
 -23.9595     -6.52396
  5.80509     -25.4684
  4.01179      25.9401
  24.4385     -1.12447
  6.04235      27.0285
  25.1306      8.09988
  24.6798      11.6791
  1.41149      24.2807
   24.611     -3.81947
  24.0822     -7.08038
 -26.0818       8.5379
 -7.96056      25.4463
 -10.4957      25.6515
 -24.6526      19.5966
 -18.2131     -24.5534
 -25.1262     -2.74014
    1.543     -24.8351
  8.22552      26.1152
 -1.84462     -25.3042
 -4.92956     -24.8915
 -25.3812      2.77989
 -25.2092      5.74859
 -25.5276     0.557109
 -30.1457     -30.1806
  26.2319      5.92447
  25.0993      3.46422
  25.0064     -9.60695
  25.0887     -14.8128
 -2.87022      23.7463
 -5.32131      24.8948
  25.0151       17.918
 -24.1258      14.6822
  25.4021     -12.2454
 -11.9407     -24.6686
 -15.1561      -24.753
  11.3014      26.2474
 -23.7472     -12.5961
 -22.5269     -9.25381
  11.7899     -24.9789
  8.67341     -24.9224
  25.0404      14.9829
 -24.8546      12.0705
 -27.2118     -27.3624
  17.4893      27.2458
  16.7373      24.3745
 -24.2931     -24.5534
  17.6113     -22.7082
 -21.9433     -16.4684
  20.3132     -22.2065
  20.3608      23.2532
 -21.8853     -18.9756
 -19.4916      22.4963
 -22.0792      22.1706
  -21.481      18.8379
  22.5815      -16.808
  23.3496     -20.7637
 -21.4624     -21.6924
 -17.1476      23.2159
  21.5712      11.3956
 -8.55454      23.0845
  7.33171      22.9559
  21.9779      20.3648
    21.58     -2.34973
  22.7062     -4.82508
 -1.80366     -23.3726
 -22.3672        1.982
  22.6061      1.58305
  21.6956     -8.32877
 -10.8038       23.039
 -23.7328      7.30245
  5.72867      24.3396
  3.35875      22.3956
 -22.4053      4.79881
  21.6982      7.21365
  14.9229     -22.6644
 -21.1073     -14.1955
 -8.29278     -23.8091
 -3.79945     -22.4583
  23.1722      5.54264
-0.892824      22.0155
 -22.7044     -4.16717
  4.72722     -23.0624
  -23.579    -0.562872
 0.327023     -21.8967
 -10.0274     -21.1928
 -21.6144     -7.50552
  8.16881     -21.5049
 -6.42155      22.6664
 -24.1444      9.23747
 -23.0107      16.6915
 -4.56939       21.487
 -21.3574     -10.8171
  11.8952     -22.2482
 -15.1192       -22.22
  8.81514      21.6341
  20.7918     -11.8788
  22.3421     -14.2821
 -12.7994     -20.7271
 -21.8227      13.7601
   22.467      17.7558
 -24.8787      22.1017
 -21.2705     -24.5521
  15.0442      21.4903
  18.2745      20.5943
   19.553     -20.3981
 -20.2189     -16.8323
 -19.5363     -18.6056
  15.2475     -20.3242
  -19.152     -15.5054
 -18.3222      19.2668
   20.158    0.0736669
  19.1266     -3.71913
  -15.905       20.999
 -8.64957      20.8643
  21.0308      3.84463
  20.6329      9.08225
  20.4413     -6.06664
 -21.9375       6.9447
 -7.12077      21.0761
 0.955606      20.1196
  5.35483      20.7739
  -19.983      4.56418
 -6.09781     -20.8947
 -20.0594      15.9802
   8.1483      19.4685
  19.6452        5.949
 -2.27909     -20.6137
 -19.8486   -0.0140479
 -1.36286     -19.1357
  -21.251     -2.00919
  3.30765     -20.7051
 -19.5245     -12.3303
  12.6192     -19.7124
  19.8971     -15.4325
 -20.3151     -5.50349
  5.59699     -18.8046
 -10.3917     -18.2936
 -21.9243      9.20653
  -2.9146      19.8414
 -19.6266     -8.91419
  9.93329     -18.4824
  8.67336      18.2846
 -6.14196      19.7875
  19.5267     -9.63853
  19.8123      13.1178
 -19.6413      13.5011
 -19.5333      11.1833
  18.7804     -13.1027
   19.935      15.3758
 -18.1834     -21.2781
  12.0312      20.5259
  20.7109     -18.3274
 -16.2399     -18.8787
  15.7615     -18.2229
 -17.7029     -17.1663
 -14.5388      18.8941
  13.6519     -17.4288
  17.6702     -1.35981
  18.6586       2.4073
 -17.6517     -13.8209
  17.2584      4.71503
 -9.79535      17.9774
 -17.4419      3.85372
 -4.12163     -18.9032
  16.7857     -5.14638
 -18.4245      1.78331
 -2.18661     -17.5379
 -17.4244     -1.44112
  2.69505      18.3393
  2.18017     -18.8637
 -18.0057      16.1589
  6.30584      18.5103
 -17.7301     -10.3947
  18.5644      8.11246
  11.5869     -16.0284
 -1.22689       17.921
 -7.91127      18.7464
 -18.8629     -3.45668
 -4.81893      18.0278
  3.03359     -16.5068
  7.67318      17.0227
  18.1848     -7.41207
 -18.0781     -6.92733
 -19.6033      6.59272
  7.56311     -16.5168
 -8.13316     -18.5779
  16.7607     -14.2227
   17.839      10.4342
 -14.5242     -16.8977
   17.447      15.3907
 -17.4528      13.5089
  17.4228     -10.9551
 -11.2685     -16.7079
  17.4908      12.8687
 -17.0364      10.9825
  10.1927      18.1049
  12.3735      17.9786
  14.9672     -15.5352
 -16.0018     -15.3783
  17.5968      17.9539
  14.7451      3.37647
  16.1904      1.00775
  -11.667      17.2442
 -14.8462      2.81463
  13.3468     -13.9719
 -14.1214     -13.4599
 -3.16667     -15.4185
  16.0824      7.09474
 -16.0637     0.626269
0.0643844     -16.8505
  15.2474     -2.79107
 -8.72681      15.6112
 -3.29849      15.9896
 0.533149      15.9693
  -6.7486      16.6518
 -13.9237     -9.86266
  9.50318     -14.1003
 -13.6548      16.5561
  4.35802      16.5853
  14.5232     -6.58068
 -15.0158     -2.77454
  1.54467     -13.7269
 -16.8359      6.05469
  15.3153     -12.3297
 -5.53802     -16.7735
 -16.5382     -4.87198
  15.9681     -8.79968
  5.38436     -14.3437
  6.18824      15.0671
  15.4181      9.71866
  14.8534      15.2547
 -12.5907     -15.0363
  -12.839      14.0716
  15.0327      12.4586
 -9.09974     -15.5469
 -14.4717       11.057
  9.51338      16.0673
 -16.1334      18.0862
  11.9444      14.9355
  12.9403      5.91684
  12.3832      1.90244
 -12.4214       1.5592
-0.773855     -14.5197
 -5.35928      14.4069
 -1.58512       13.801
 -7.44415      13.1763
  13.7005    -0.386359
 -13.5792    -0.577116
 -14.3293     -6.25822
 0.453783     -11.3227
  7.34031     -11.8852
  12.9643     -4.19407
 -13.3916      5.34571
   2.4194      14.1043
  12.2064     -7.98429
  12.7561      9.08167
 -4.16353     -12.8601
 -12.7486     -4.04845
  3.53666     -12.2674
  4.49891      12.4122
 -10.4166     -13.2748
 -11.9361      11.4956
    12.52      11.9333
 -6.68429      -14.162
  8.12097      14.0098
   10.008      11.3154
 -6.03131         10.6
 -9.56564     0.838921
  9.55479     0.968575
0.0786328     -8.66395
  9.63273      6.20821
  9.27491     -9.23555
 -10.7948     -5.28451
 0.311995      11.5742
  4.98254     -9.96342
  9.29708     -6.54901
  10.1085      8.87832
 -9.37576       -8.857
  -8.3707       9.5359
 -10.0016      6.01385
 -5.13007     -10.0289
  -11.966      -11.399
 -10.6966      14.7698
  11.4658     -11.9404
  6.88658      10.9392
 -11.0523     -1.70617
  2.14307     -10.7919
  7.93984      8.87378
 -3.77411      11.9949
  11.4781      3.66847
  4.63454       8.0318
 -11.6963      3.29541
 -1.73055     -11.9367
  11.1747     -1.68237
 -7.31039     -4.87871
  7.39382     -4.99144
 -4.51234      7.90198
 -9.23906     -6.30327
  10.9403     -5.51631
 -10.9944      8.78312
 -13.8652      8.35753
 -7.91032     -11.4971
 -12.1561     -7.59122
 -16.7853      8.48524
  -9.5903      12.2312
  9.92938      13.3535
 -15.9797     -8.36981
  13.6942     -10.2607
 -19.4791      8.85198
 -15.1367      13.6619
  -15.837     -11.9037
  14.9585      18.1566
 -15.7901       16.124
 -22.0443      11.5861
 0.337938     -19.1527
  3.56868     -26.2283
  19.9233      11.0152
 -20.2553      2.84473
 -11.5396     -19.6299
  7.53512      20.5915
   9.3268      24.0901
  10.7557      22.4616
 -10.5056      20.4578
  -15.285      25.9998
 -13.0114     -18.2592
   25.903     0.948453
  9.85129      19.9587
  23.1782      8.54053
  22.5438      10.1672
  16.1459     -16.6353
 -12.4538     -22.3045
  20.1177      19.5418
 -24.4299     -9.35743
  17.7448      -16.149
  11.1226      24.7417
 -15.3255       23.968
   12.757      23.5796
  22.7151     -10.5264
 -13.4536      22.7217
  22.4653      15.2406
  20.0256      17.6299
 -26.4561      10.6198
 -21.5711      15.4883
 -12.5358      19.8685
  23.5399     -12.3175
   17.953     -18.2857
  22.1366      12.9275
  17.5991     -20.4322
 -14.3858     -20.0571
  13.9223      25.5315
