117  120   21   22
 54  118  112   53
251  350  201  176
332  318  250  205
 69  168  141   68
160   98   99  161
 39  196  278   38
 97  170  109   96
240  206  322  342
158   94   95  159
103  163  182  102
436  437  382  377
296  298  221  219
176  130  244  251
214  218  115  149
135   56   57  113
204  110  121  208
123  259  249  171
140   62    1   17
139   61   62  140
233  275  347  353
234   18   19  197
216  347  197  119
120  119   20   21
290  395  384  303
121  110   23   24
208  215  303  304
171  111   26   27
 27   28  123  171
 28   29  124  123
172  124   29   30
 30   31  125  172
173  125   31   32
116  158  224  210
 32   33  126  173
 33   34  127  126
174  127   34   35
 35   36  128  174
 36   37  129  128
153   85    3   40
152   84   85  153
366  328  351  354
148  115  218  203
114  146  221  209
237   42   43  199
 45  201  175   44
176   46   47  130
 48  131  130   47
 50  132  177   49
262  252  131  177
 51  133  132   50
 16   15  670  184
230  202  321  331
338  387  474  337
 58  136  113   57
136   58   59  137
 61  139  138   60
167  108    4   63
166  107  108  167
183  165  242  253
 66  200  220   65
200   66   67  179
254  257  162  182
 70  142  168   69
 71  143  142   70
 73  144  180   72
142  143  255  213
 74  145  144   73
181   75   76  114
 77  146  114   76
146  147  219  221
 14   13  664  188
 81  149  115   80
149   81   82  150
 84  152  151   83
 86  196   39    2
 87  154  196   86
154  228  281  397
256  126  127  223
269  125  173  273
228   88   89  198
 91  156  155   90
450  301  289  393
157   92   93  116
 94  158  116   93
248  258  293  283
 98  160  170   97
109  170  258  248
101  162  169  100
257  271  169  162
104  164  163  103
106  165  183  105
107  166  165  106
159   95   96  109
110  117   22   23
653  194   16  184
111  122   25   26
211  111  171  249
178   52   53  112
133   51   52  178
134   55   56  135
120  227  216  119
145   74   75  181
144  145  265  235
148   79   80  115
147   78   79  148
156   91   92  157
 19   20  119  197
 55  134  118   54
188  647  191   14
113  136  225  231
117  226  227  120
312  225  232  310
122  121   24   25
 10  195  668    5
172  260  246  124
654  186    6  189
174  270  223  127
 88  228  154   87
 90  155  198   89
278  129   37   38
201   45   46  176
130  131  252  244
378  285  286  376
 49  177  131   48
287  286  229  263
133  178  250  263
112  118  212  205
135  113  231  202
136  137  232  225
 60  138  137   59
137  138  233  232
138  139  275  233
 18  234  140   17
264  268  141  168
179   67   68  141
 12   11  642  190
145  181  247  265
 72  180  143   71
699  377  306  308
 78  147  146   77
298  297  209  221
644  193   12  190
 44  175  199   43
149  150  236  214
 83  151  150   82
276  217  151  152
 41  238  153   40
419  314  416  358
240  239  155  156
157  116  210  206
648  185    8  187
160  161  266  245
100  169  161   99
355  348  267  329
102  182  162  101
272  241  163  164
348  355  352  280
105  183  164  104
371  368  429  422
277  242  165  166
 64  243  167   63
368  313  352  355
  8    7  643  187
159  109  248  207
659  195   10  641
317  320  223  270
409  295  288  391
143  180  274  255
271  266  161  169
641   10   16  194
669    9    8  185
669  192   11    9
643    7    6  186
362  335  319  359
670   15   14  191
125  269  260  172
  5  668  189    6
664   13   12  193
333  332  205  212
132  133  263  229
252  262  285  288
244  252  288  295
208  121  122  215
342  322  408  388
281  416  222  397
261  128  129  222
238   41   42  237
243   64   65  220
280  352  242  277
175  201  350  279
202  230  134  135
203  219  147  148
226  117  110  204
205  250  178  112
206  240  156  157
207  224  158  159
111  211  215  122
209  247  181  114
210  224  301  302
224  207  289  301
249  259  294  284
118  134  230  212
213  264  168  142
346  354  351  282
215  211  290  303
211  249  284  290
238  237  282  276
150  151  217  236
219  203  326  296
296  380  379  298
298  379  398  297
228  198  349  281
261  270  174  128
273  173  126  256
207  248  283  289
341  338  227  226
216  356  353  347
196  154  397  278
229  262  177  132
331  333  212  230
315  231  225  312
353  310  232  233
275  139  140  234
235  274  180  144
339  326  203  218
276  152  153  238
334  320  369  360
155  239  349  198
241  254  182  163
213  255  309  311
243  220  280  277
277  166  167  243
245  258  170  160
259  123  124  246
305  308  265  247
318  287  263  250
164  183  253  272
241  272  316  319
345  325  271  257
255  274  307  309
274  235  306  307
260  269  324  291
293  258  245  300
259  246  299  294
285  262  229  286
268  267  179  141
235  265  308  306
247  209  297  305
325  292  266  271
179  267  348  200
358  343  475  419
270  261  314  317
316  272  253  313
273  344  324  269
347  275  234  197
282  351  217  276
397  222  129  278
175  279  346  199
336  214  236  328
348  280  220  200
352  313  253  242
416  314  261  222
346  282  237  199
351  328  236  217
396  294  389  456
391  378  376  444
287  381  376  286
295  323  251  244
302  301  450  407
291  299  246  260
292  300  245  266
345  412  413  325
292  375  689  300
390  392  283  293
291  324  706  374
394  284  294  396
323  417  350  251
285  378  391  288
291  389  294  299
375  455  390  689
302  322  206  210
407  408  322  302
540  580  598  537
208  304  327  204
715  304  303  384
327  341  226  204
596  557  495  536
699  308  305  399
377  440  484  436
400  309  307  383
311  330  264  213
382  437  383  307
329  267  268  340
711  400  383  441
315  321  202  231
372  426  425  373
358  416  281  349
474  387  427  426
319  335  254  241
316  371  359  319
320  334  256  223
332  333  386  385
257  254  335  345
344  273  256  334
415  405  341  327
342  343  239  240
375  292  325  413
448  362  359  420
268  264  330  340
401  361  340  330
364  386  333  331
403  402  287  318
385  386  442  433
331  321  697  364
218  214  336  339
328  366  367  336
312  373  363  315
697  321  315  363
360  369  424  421
358  349  239  343
370  430  424  369
344  334  360  410
354  346  279  357
372  310  353  356
371  316  313  368
373  312  310  372
474  356  216  337
350  417  357  279
320  317  370  369
412  345  335  362
429  329  340  361
411  459  374  706
463  365  341  405
365  387  338  341
404  339  336  367
414  326  339  404
326  414  380  296
423  357  417  418
317  314  419  370
371  422  420  359
431  363  373  425
551  503  454  508
460  509  504  455
493  542  494  445
377  382  307  306
723  323  295  409
695  694  434  468
398  399  305  297
488  452  447  499
567  518  522  563
453  381  287  402
400  406  311  309
401  330  311  406
415  715  384  462
457  438  392  390
385  403  318  332
433  442  696  487
475  343  342  388
395  290  284  394
394  396  456  439
393  289  283  392
592  545  494  542
496  450  393  451
491  443  395  446
395  443  462  384
503  456  389  454
455  504  457  390
379  452  399  398
488  440  399  452
711  441  517  469
478  721  420  422
481  506  466  448
444  376  381  445
512  453  402  464
483  486  431  425
427  387  365  463
711  469  470  718
407  704  467  408
528  480  523  526
723  418  417  323
411  706  410  465
410  360  421  449
460  413  412  466
460  455  375  413
690  432  720  518
687  472  405  415
715  415  327  304
423  418  476  477
366  354  357  423
435  367  366  423
466  412  362  448
490  441  383  437
572  528  526  562
473  404  367  435
713  414  404  473
709  697  363  431
712  442  386  364
428  361  401  470
525  428  470  507
424  430  523  480
475  430  370  419
472  687  520  519
445  494  434  444
433  461  403  385
693  498  700  468
694  391  444  434
705  435  423  477
534  574  575  532
531  485  436  484
438  451  393  392
502  540  537  500
439  446  395  394
691  539  536  495
379  701  447  452
584  538  485  531
431  486  712  709
618  587  549  586
381  453  493  445
557  491  446  495
547  499  447  489
525  719  721  478
508  454  374  459
704  407  450  458
500  537  496  451
532  484  440  488
402  403  461  464
556  508  459  513
291  374  454  389
558  509  460  514
439  691  495  446
439  456  503  501
457  688  502  500
467  704  471  722
467  722  526  523
513  459  411  465
576  535  696  717
472  716  463  405
686  611  483  544
427  497  544  483
549  493  453  512
449  421  479  482
505  465  410  449
420  721  481  448
523  388  408  467
421  424  480  479
723  409  708  710
406  718  470  401
436  485  490  437
380  414  713  720
429  361  428  525
507  470  469  521
692  471  704  458
497  716  472  519
426  372  356  474
429  368  355  329
476  685  573  477
478  422  429  525
506  514  460  466
565  597  560  521
477  573  714  705
510  566  698  692
575  531  484  532
555  490  485  538
487  492  461  433
568  564  519  520
626  596  536  577
613  574  534  581
515  498  545  554
702  432  690  489
584  625  593  538
491  511  462  443
492  516  464  461
656  585  535  576
587  542  493  549
494  545  498  693
494  693  468  434
539  582  577  536
716  497  427  463
607  567  563  604
554  545  592  602
499  534  532  488
547  581  534  499
457  500  451  438
582  539  501  541
583  540  502  688
553  543  504  509
598  559  496  537
533  505  449  482
565  521  469  517
527  719  707  703
501  503  551  541
594  541  551  599
553  601  632  595
698  722  471  692
722  698  562  526
435  705  714  473
586  549  512  552
552  512  464  516
684  546  505  533
546  513  465  505
514  506  530  548
555  517  441  490
522  518  720  713
518  567  561  690
529  486  483  611
482  528  572  533
497  519  564  544
511  682  520  687
507  521  560  707
527  703  571  530
430  475  388  523
468  700  524  695
710  695  524  476
483  425  426  427
573  563  522  714
570  685  476  524
719  527  481  721
482  479  480  528
527  530  506  481
516  492  487  550
615  665  626  577
667  625  584  620
663  614  574  613
666  630  580  616
656  576  591  606
682  511  491  557
621  615  577  582
559  458  450  496
540  583  616  580
620  584  531  575
439  501  539  691
599  551  508  556
662  618  586  617
558  601  553  509
627  592  542  587
579  572  562  605
578  571  560  597
588  552  516  550
585  619  617  588
696  535  550  487
621  582  541  594
622  631  594  599
617  586  552  588
616  583  553  595
554  610  569  515
602  592  627  633
655  589  684  579
680  556  513  546
677  568  520  682
544  564  683  686
657  590  548  578
590  558  514  548
703  707  560  571
561  603  581  547
604  563  573  685
529  591  576  717
681  597  565  600
600  565  517  555
634  605  566  608
559  608  566  510
612  636  607  604
700  569  570  524
564  568  609  683
498  515  569  700
567  607  603  561
685  570  612  604
571  578  548  530
579  684  533  572
650  644  613  629
667  620  614  642
588  550  535  585
670  640  652  184
659  641  615  621
646  676  651  671
595  623  666  616
679  638  658  639
600  555  538  593
574  614  620  575
587  618  647  627
662  617  619  640
529  611  686  591
625  667  192  672
659  621  594  631
632  660  623  595
674  609  568  677
626  665  194  653
630  666  186  654
195  659  631  646
556  680  622  599
600  593  628  681
187  660  632  648
624  601  558  590
612  610  638  679
658  664  193  661
603  629  613  581
562  698  566  605
655  579  605  634
678  656  606  635
639  650  629  636
569  610  612  570
675  634  608  637
637  608  559  598
609  674  673  635
596  677  682  557
607  636  629  603
602  638  610  554
190  642  614  663
194  665  615  641
637  598  580  630
186  666  623  643
662  640  670  191
191  647  618  662
619  678  652  640
676  622  680  589
648  632  601  624
672  628  593  625
681  657  578  597
645  628  672  649
673  674  626  653
633  627  647  188
628  645  657  681
650  639  658  661
671  668  195  646
187  643  623  660
683  609  635  606
674  677  596  626
630  654  675  637
612  679  639  636
633  658  638  602
652  673  653  184
667  642   11  192
190  663  613  644
650  661  193  644
185  648  624  645
669  185  645  649
651  675  654  189
676  646  631  622
192  669  649  672
655  634  675  651
678  635  673  652
651  676  589  655
678  619  585  656
645  624  590  657
658  633  188  664
651  189  668  671
546  684  589  680
216  227  338  337
543  553  583  688
543  688  457  504
683  606  591  686
415  462  511  687
390  293  300  689
561  547  489  690
510  692  458  559
708  409  391  694
694  695  710  708
442  712  717  696
712  364  697  709
377  699  399  440
702  489  447  701
712  486  529  717
380  720  432  702
379  380  702  701
410  706  324  344
707  719  525  507
406  400  711  718
473  714  522  713
723  710  476  418
