  1    2   33   32
  2    3   34   33
  3    4   35   34
  4    5   36   35
  5    6   37   36
  6    7   38   37
  7    8   39   38
  8    9   40   39
  9   10   41   40
 10   11   42   41
 11   12   43   42
 12   13   44   43
 13   14   45   44
 14   15   46   45
 15   16   47   46
 16   17   48   47
 17   18   49   48
 18   19   50   49
 19   20   51   50
 20   21   52   51
 21   22   53   52
 22   23   54   53
 23   24   55   54
 24   25   56   55
 25   26   57   56
 26   27   58   57
 27   28   59   58
 28   29   60   59
 29   30   61   60
 30   31   62   61
 32   33   64   63
 33   34   65   64
 34   35   66   65
 35   36   67   66
 36   37   68   67
 37   38   69   68
 38   39   70   69
 39   40   71   70
 40   41   72   71
 41   42   73   72
 42   43   74   73
 43   44   75   74
 44   45   76   75
 45   46   77   76
 46   47   78   77
 47   48   79   78
 48   49   80   79
 49   50   81   80
 50   51   82   81
 51   52   83   82
 52   53   84   83
 53   54   85   84
 54   55   86   85
 55   56   87   86
 56   57   88   87
 57   58   89   88
 58   59   90   89
 59   60   91   90
 60   61   92   91
 61   62   93   92
 63   64   95   94
 64   65   96   95
 65   66   97   96
 66   67   98   97
 67   68   99   98
 68   69  100   99
 69   70  101  100
 70   71  102  101
 71   72  103  102
 72   73  104  103
 73   74  105  104
 74   75  106  105
 75   76  107  106
 76   77  108  107
 77   78  109  108
 78   79  110  109
 79   80  111  110
 80   81  112  111
 81   82  113  112
 82   83  114  113
 83   84  115  114
 84   85  116  115
 85   86  117  116
 86   87  118  117
 87   88  119  118
 88   89  120  119
 89   90  121  120
 90   91  122  121
 91   92  123  122
 92   93  124  123
 94   95  126  125
 95   96  127  126
 96   97  128  127
 97   98  129  128
 98   99  130  129
 99  100  131  130
100  101  132  131
101  102  133  132
102  103  134  133
103  104  135  134
104  105  136  135
105  106  137  136
106  107  138  137
107  108  139  138
108  109  140  139
109  110  141  140
110  111  142  141
111  112  143  142
112  113  144  143
113  114  145  144
114  115  146  145
115  116  147  146
116  117  148  147
117  118  149  148
118  119  150  149
119  120  151  150
120  121  152  151
121  122  153  152
122  123  154  153
123  124  155  154
125  126  157  156
126  127  158  157
127  128  159  158
128  129  160  159
129  130  161  160
130  131  162  161
131  132  163  162
132  133  164  163
133  134  165  164
134  135  166  165
135  136  167  166
136  137  168  167
137  138  169  168
138  139  170  169
139  140  171  170
140  141  172  171
141  142  173  172
142  143  174  173
143  144  175  174
144  145  176  175
145  146  177  176
146  147  178  177
147  148  179  178
148  149  180  179
149  150  181  180
150  151  182  181
151  152  183  182
152  153  184  183
153  154  185  184
154  155  186  185
156  157  188  187
157  158  189  188
158  159  190  189
159  160  191  190
160  161  192  191
161  162  193  192
162  163  194  193
163  164  195  194
164  165  196  195
165  166  197  196
166  167  198  197
167  168  199  198
168  169  200  199
169  170  201  200
170  171  202  201
171  172  203  202
172  173  204  203
173  174  205  204
174  175  206  205
175  176  207  206
176  177  208  207
177  178  209  208
178  179  210  209
179  180  211  210
180  181  212  211
181  182  213  212
182  183  214  213
183  184  215  214
184  185  216  215
185  186  217  216
187  188  219  218
188  189  220  219
189  190  221  220
190  191  222  221
191  192  223  222
192  193  224  223
193  194  225  224
194  195  226  225
195  196  227  226
196  197  228  227
197  198  229  228
198  199  230  229
199  200  231  230
200  201  232  231
201  202  233  232
202  203  234  233
203  204  235  234
204  205  236  235
205  206  237  236
206  207  238  237
207  208  239  238
208  209  240  239
209  210  241  240
210  211  242  241
211  212  243  242
212  213  244  243
213  214  245  244
214  215  246  245
215  216  247  246
216  217  248  247
218  219  250  249
219  220  251  250
220  221  252  251
221  222  253  252
222  223  254  253
223  224  255  254
224  225  256  255
225  226  257  256
226  227  258  257
227  228  259  258
228  229  260  259
229  230  261  260
230  231  262  261
231  232  263  262
232  233  264  263
233  234  265  264
234  235  266  265
235  236  267  266
236  237  268  267
237  238  269  268
238  239  270  269
239  240  271  270
240  241  272  271
241  242  273  272
242  243  274  273
243  244  275  274
244  245  276  275
245  246  277  276
246  247  278  277
247  248  279  278
249  250  281  280
250  251  282  281
251  252  283  282
252  253  284  283
253  254  285  284
254  255  286  285
255  256  287  286
256  257  288  287
257  258  289  288
258  259  290  289
259  260  291  290
260  261  292  291
261  262  293  292
262  263  294  293
263  264  295  294
264  265  296  295
265  266  297  296
266  267  298  297
267  268  299  298
268  269  300  299
269  270  301  300
270  271  302  301
271  272  303  302
272  273  304  303
273  274  305  304
274  275  306  305
275  276  307  306
276  277  308  307
277  278  309  308
278  279  310  309
280  281  312  311
281  282  313  312
282  283  314  313
283  284  315  314
284  285  316  315
285  286  317  316
286  287  318  317
287  288  319  318
288  289  320  319
289  290  321  320
290  291  322  321
291  292  323  322
292  293  324  323
293  294  325  324
294  295  326  325
295  296  327  326
296  297  328  327
297  298  329  328
298  299  330  329
299  300  331  330
300  301  332  331
301  302  333  332
302  303  334  333
303  304  335  334
304  305  336  335
305  306  337  336
306  307  338  337
307  308  339  338
308  309  340  339
309  310  341  340
311  312  343  342
312  313  344  343
313  314  345  344
314  315  346  345
315  316  347  346
316  317  348  347
317  318  349  348
318  319  350  349
319  320  351  350
320  321  352  351
331  332  363  362
332  333  364  363
333  334  365  364
334  335  366  365
335  336  367  366
336  337  368  367
337  338  369  368
338  339  370  369
339  340  371  370
340  341  372  371
342  343  374  373
343  344  375  374
344  345  376  375
345  346  377  376
346  347  378  377
347  348  379  378
348  349  380  379
349  350  381  380
350  351  382  381
351  352  383  382
362  363  394  393
363  364  395  394
364  365  396  395
365  366  397  396
366  367  398  397
367  368  399  398
368  369  400  399
369  370  401  400
370  371  402  401
371  372  403  402
373  374  405  404
374  375  406  405
375  376  407  406
376  377  408  407
377  378  409  408
378  379  410  409
379  380  411  410
380  381  412  411
381  382  413  412
382  383  414  413
393  394  425  424
394  395  426  425
395  396  427  426
396  397  428  427
397  398  429  428
398  399  430  429
399  400  431  430
400  401  432  431
401  402  433  432
402  403  434  433
404  405  436  435
405  406  437  436
406  407  438  437
407  408  439  438
408  409  440  439
409  410  441  440
410  411  442  441
411  412  443  442
412  413  444  443
413  414  445  444
424  425  456  455
425  426  457  456
426  427  458  457
427  428  459  458
428  429  460  459
429  430  461  460
430  431  462  461
431  432  463  462
432  433  464  463
433  434  465  464
435  436  467  466
436  437  468  467
437  438  469  468
438  439  470  469
439  440  471  470
440  441  472  471
441  442  473  472
442  443  474  473
443  444  475  474
444  445  476  475
455  456  487  486
456  457  488  487
457  458  489  488
458  459  490  489
459  460  491  490
460  461  492  491
461  462  493  492
462  463  494  493
463  464  495  494
464  465  496  495
466  467  498  497
467  468  499  498
468  469  500  499
469  470  501  500
470  471  502  501
471  472  503  502
472  473  504  503
473  474  505  504
474  475  506  505
475  476  507  506
486  487  518  517
487  488  519  518
488  489  520  519
489  490  521  520
490  491  522  521
491  492  523  522
492  493  524  523
493  494  525  524
494  495  526  525
495  496  527  526
497  498  529  528
498  499  530  529
499  500  531  530
500  501  532  531
501  502  533  532
502  503  534  533
503  504  535  534
504  505  536  535
505  506  537  536
506  507  538  537
517  518  549  548
518  519  550  549
519  520  551  550
520  521  552  551
521  522  553  552
522  523  554  553
523  524  555  554
524  525  556  555
525  526  557  556
526  527  558  557
528  529  560  559
529  530  561  560
530  531  562  561
531  532  563  562
532  533  564  563
533  534  565  564
534  535  566  565
535  536  567  566
536  537  568  567
537  538  569  568
548  549  580  579
549  550  581  580
550  551  582  581
551  552  583  582
552  553  584  583
553  554  585  584
554  555  586  585
555  556  587  586
556  557  588  587
557  558  589  588
559  560  591  590
560  561  592  591
561  562  593  592
562  563  594  593
563  564  595  594
564  565  596  595
565  566  597  596
566  567  598  597
567  568  599  598
568  569  600  599
579  580  611  610
580  581  612  611
581  582  613  612
582  583  614  613
583  584  615  614
584  585  616  615
585  586  617  616
586  587  618  617
587  588  619  618
588  589  620  619
590  591  622  621
591  592  623  622
592  593  624  623
593  594  625  624
594  595  626  625
595  596  627  626
596  597  628  627
597  598  629  628
598  599  630  629
599  600  631  630
610  611  642  641
611  612  643  642
612  613  644  643
613  614  645  644
614  615  646  645
615  616  647  646
616  617  648  647
617  618  649  648
618  619  650  649
619  620  651  650
621  622  653  652
622  623  654  653
623  624  655  654
624  625  656  655
625  626  657  656
626  627  658  657
627  628  659  658
628  629  660  659
629  630  661  660
630  631  662  661
631  632  663  662
632  633  664  663
633  634  665  664
634  635  666  665
635  636  667  666
636  637  668  667
637  638  669  668
638  639  670  669
639  640  671  670
640  641  672  671
641  642  673  672
642  643  674  673
643  644  675  674
644  645  676  675
645  646  677  676
646  647  678  677
647  648  679  678
648  649  680  679
649  650  681  680
650  651  682  681
652  653  684  683
653  654  685  684
654  655  686  685
655  656  687  686
656  657  688  687
657  658  689  688
658  659  690  689
659  660  691  690
660  661  692  691
661  662  693  692
662  663  694  693
663  664  695  694
664  665  696  695
665  666  697  696
666  667  698  697
667  668  699  698
668  669  700  699
669  670  701  700
670  671  702  701
671  672  703  702
672  673  704  703
673  674  705  704
674  675  706  705
675  676  707  706
676  677  708  707
677  678  709  708
678  679  710  709
679  680  711  710
680  681  712  711
681  682  713  712
683  684  715  714
684  685  716  715
685  686  717  716
686  687  718  717
687  688  719  718
688  689  720  719
689  690  721  720
690  691  722  721
691  692  723  722
692  693  724  723
693  694  725  724
694  695  726  725
695  696  727  726
696  697  728  727
697  698  729  728
698  699  730  729
699  700  731  730
700  701  732  731
701  702  733  732
702  703  734  733
703  704  735  734
704  705  736  735
705  706  737  736
706  707  738  737
707  708  739  738
708  709  740  739
709  710  741  740
710  711  742  741
711  712  743  742
712  713  744  743
714  715  746  745
715  716  747  746
716  717  748  747
717  718  749  748
718  719  750  749
719  720  751  750
720  721  752  751
721  722  753  752
722  723  754  753
723  724  755  754
724  725  756  755
725  726  757  756
726  727  758  757
727  728  759  758
728  729  760  759
729  730  761  760
730  731  762  761
731  732  763  762
732  733  764  763
733  734  765  764
734  735  766  765
735  736  767  766
736  737  768  767
737  738  769  768
738  739  770  769
739  740  771  770
740  741  772  771
741  742  773  772
742  743  774  773
743  744  775  774
745  746  777  776
746  747  778  777
747  748  779  778
748  749  780  779
749  750  781  780
750  751  782  781
751  752  783  782
752  753  784  783
753  754  785  784
754  755  786  785
755  756  787  786
756  757  788  787
757  758  789  788
758  759  790  789
759  760  791  790
760  761  792  791
761  762  793  792
762  763  794  793
763  764  795  794
764  765  796  795
765  766  797  796
766  767  798  797
767  768  799  798
768  769  800  799
769  770  801  800
770  771  802  801
771  772  803  802
772  773  804  803
773  774  805  804
774  775  806  805
776  777  808  807
777  778  809  808
778  779  810  809
779  780  811  810
780  781  812  811
781  782  813  812
782  783  814  813
783  784  815  814
784  785  816  815
785  786  817  816
786  787  818  817
787  788  819  818
788  789  820  819
789  790  821  820
790  791  822  821
791  792  823  822
792  793  824  823
793  794  825  824
794  795  826  825
795  796  827  826
796  797  828  827
797  798  829  828
798  799  830  829
799  800  831  830
800  801  832  831
801  802  833  832
802  803  834  833
803  804  835  834
804  805  836  835
805  806  837  836
807  808  839  838
808  809  840  839
809  810  841  840
810  811  842  841
811  812  843  842
812  813  844  843
813  814  845  844
814  815  846  845
815  816  847  846
816  817  848  847
817  818  849  848
818  819  850  849
819  820  851  850
820  821  852  851
821  822  853  852
822  823  854  853
823  824  855  854
824  825  856  855
825  826  857  856
826  827  858  857
827  828  859  858
828  829  860  859
829  830  861  860
830  831  862  861
831  832  863  862
832  833  864  863
833  834  865  864
834  835  866  865
835  836  867  866
836  837  868  867
838  839  870  869
839  840  871  870
840  841  872  871
841  842  873  872
842  843  874  873
843  844  875  874
844  845  876  875
845  846  877  876
846  847  878  877
847  848  879  878
848  849  880  879
849  850  881  880
850  851  882  881
851  852  883  882
852  853  884  883
853  854  885  884
854  855  886  885
855  856  887  886
856  857  888  887
857  858  889  888
858  859  890  889
859  860  891  890
860  861  892  891
861  862  893  892
862  863  894  893
863  864  895  894
864  865  896  895
865  866  897  896
866  867  898  897
867  868  899  898
869  870  901  900
870  871  902  901
871  872  903  902
872  873  904  903
873  874  905  904
874  875  906  905
875  876  907  906
876  877  908  907
877  878  909  908
878  879  910  909
879  880  911  910
880  881  912  911
881  882  913  912
882  883  914  913
883  884  915  914
884  885  916  915
885  886  917  916
886  887  918  917
887  888  919  918
888  889  920  919
889  890  921  920
890  891  922  921
891  892  923  922
892  893  924  923
893  894  925  924
894  895  926  925
895  896  927  926
896  897  928  927
897  898  929  928
898  899  930  929
900  901  932  931
901  902  933  932
902  903  934  933
903  904  935  934
904  905  936  935
905  906  937  936
906  907  938  937
907  908  939  938
908  909  940  939
909  910  941  940
910  911  942  941
911  912  943  942
912  913  944  943
913  914  945  944
914  915  946  945
915  916  947  946
916  917  948  947
917  918  949  948
918  919  950  949
919  920  951  950
920  921  952  951
921  922  953  952
922  923  954  953
923  924  955  954
924  925  956  955
925  926  957  956
926  927  958  957
927  928  959  958
928  929  960  959
929  930  961  960
