 -0.03       -0.03
-0.028       -0.03
-0.026       -0.03
-0.024       -0.03
-0.022       -0.03
 -0.02       -0.03
-0.018       -0.03
-0.016       -0.03
-0.014       -0.03
-0.012       -0.03
 -0.01       -0.03
-0.008       -0.03
-0.006       -0.03
-0.004       -0.03
-0.002       -0.03
     0       -0.03
 0.002       -0.03
 0.004       -0.03
 0.006       -0.03
 0.008       -0.03
  0.01       -0.03
 0.012       -0.03
 0.014       -0.03
 0.016       -0.03
 0.018       -0.03
  0.02       -0.03
 0.022       -0.03
 0.024       -0.03
 0.026       -0.03
 0.028       -0.03
  0.03       -0.03
 -0.03      -0.028
-0.028      -0.028
-0.026      -0.028
-0.024      -0.028
-0.022      -0.028
 -0.02      -0.028
-0.018      -0.028
-0.016      -0.028
-0.014      -0.028
-0.012      -0.028
 -0.01      -0.028
-0.008      -0.028
-0.006      -0.028
-0.004      -0.028
-0.002      -0.028
     0      -0.028
 0.002      -0.028
 0.004      -0.028
 0.006      -0.028
 0.008      -0.028
  0.01      -0.028
 0.012      -0.028
 0.014      -0.028
 0.016      -0.028
 0.018      -0.028
  0.02      -0.028
 0.022      -0.028
 0.024      -0.028
 0.026      -0.028
 0.028      -0.028
  0.03      -0.028
 -0.03      -0.026
-0.028      -0.026
-0.026      -0.026
-0.024      -0.026
-0.022      -0.026
 -0.02      -0.026
-0.018      -0.026
-0.016      -0.026
-0.014      -0.026
-0.012      -0.026
 -0.01      -0.026
-0.008      -0.026
-0.006      -0.026
-0.004      -0.026
-0.002      -0.026
     0      -0.026
 0.002      -0.026
 0.004      -0.026
 0.006      -0.026
 0.008      -0.026
  0.01      -0.026
 0.012      -0.026
 0.014      -0.026
 0.016      -0.026
 0.018      -0.026
  0.02      -0.026
 0.022      -0.026
 0.024      -0.026
 0.026      -0.026
 0.028      -0.026
  0.03      -0.026
 -0.03      -0.024
-0.028      -0.024
-0.026      -0.024
-0.024      -0.024
-0.022      -0.024
 -0.02      -0.024
-0.018      -0.024
-0.016      -0.024
-0.014      -0.024
-0.012      -0.024
 -0.01      -0.024
-0.008      -0.024
-0.006      -0.024
-0.004      -0.024
-0.002      -0.024
     0      -0.024
 0.002      -0.024
 0.004      -0.024
 0.006      -0.024
 0.008      -0.024
  0.01      -0.024
 0.012      -0.024
 0.014      -0.024
 0.016      -0.024
 0.018      -0.024
  0.02      -0.024
 0.022      -0.024
 0.024      -0.024
 0.026      -0.024
 0.028      -0.024
  0.03      -0.024
 -0.03      -0.022
-0.028      -0.022
-0.026      -0.022
-0.024      -0.022
-0.022      -0.022
 -0.02      -0.022
-0.018      -0.022
-0.016      -0.022
-0.014      -0.022
-0.012      -0.022
 -0.01      -0.022
-0.008      -0.022
-0.006      -0.022
-0.004      -0.022
-0.002      -0.022
     0      -0.022
 0.002      -0.022
 0.004      -0.022
 0.006      -0.022
 0.008      -0.022
  0.01      -0.022
 0.012      -0.022
 0.014      -0.022
 0.016      -0.022
 0.018      -0.022
  0.02      -0.022
 0.022      -0.022
 0.024      -0.022
 0.026      -0.022
 0.028      -0.022
  0.03      -0.022
 -0.03       -0.02
-0.028       -0.02
-0.026       -0.02
-0.024       -0.02
-0.022       -0.02
 -0.02       -0.02
-0.018       -0.02
-0.016       -0.02
-0.014       -0.02
-0.012       -0.02
 -0.01       -0.02
-0.008       -0.02
-0.006       -0.02
-0.004       -0.02
-0.002       -0.02
     0       -0.02
 0.002       -0.02
 0.004       -0.02
 0.006       -0.02
 0.008       -0.02
  0.01       -0.02
 0.012       -0.02
 0.014       -0.02
 0.016       -0.02
 0.018       -0.02
  0.02       -0.02
 0.022       -0.02
 0.024       -0.02
 0.026       -0.02
 0.028       -0.02
  0.03       -0.02
 -0.03      -0.018
-0.028      -0.018
-0.026      -0.018
-0.024      -0.018
-0.022      -0.018
 -0.02      -0.018
-0.018      -0.018
-0.016      -0.018
-0.014      -0.018
-0.012      -0.018
 -0.01      -0.018
-0.008      -0.018
-0.006      -0.018
-0.004      -0.018
-0.002      -0.018
     0      -0.018
 0.002      -0.018
 0.004      -0.018
 0.006      -0.018
 0.008      -0.018
  0.01      -0.018
 0.012      -0.018
 0.014      -0.018
 0.016      -0.018
 0.018      -0.018
  0.02      -0.018
 0.022      -0.018
 0.024      -0.018
 0.026      -0.018
 0.028      -0.018
  0.03      -0.018
 -0.03      -0.016
-0.028      -0.016
-0.026      -0.016
-0.024      -0.016
-0.022      -0.016
 -0.02      -0.016
-0.018      -0.016
-0.016      -0.016
-0.014      -0.016
-0.012      -0.016
 -0.01      -0.016
-0.008      -0.016
-0.006      -0.016
-0.004      -0.016
-0.002      -0.016
     0      -0.016
 0.002      -0.016
 0.004      -0.016
 0.006      -0.016
 0.008      -0.016
  0.01      -0.016
 0.012      -0.016
 0.014      -0.016
 0.016      -0.016
 0.018      -0.016
  0.02      -0.016
 0.022      -0.016
 0.024      -0.016
 0.026      -0.016
 0.028      -0.016
  0.03      -0.016
 -0.03      -0.014
-0.028      -0.014
-0.026      -0.014
-0.024      -0.014
-0.022      -0.014
 -0.02      -0.014
-0.018      -0.014
-0.016      -0.014
-0.014      -0.014
-0.012      -0.014
 -0.01      -0.014
-0.008      -0.014
-0.006      -0.014
-0.004      -0.014
-0.002      -0.014
     0      -0.014
 0.002      -0.014
 0.004      -0.014
 0.006      -0.014
 0.008      -0.014
  0.01      -0.014
 0.012      -0.014
 0.014      -0.014
 0.016      -0.014
 0.018      -0.014
  0.02      -0.014
 0.022      -0.014
 0.024      -0.014
 0.026      -0.014
 0.028      -0.014
  0.03      -0.014
 -0.03      -0.012
-0.028      -0.012
-0.026      -0.012
-0.024      -0.012
-0.022      -0.012
 -0.02      -0.012
-0.018      -0.012
-0.016      -0.012
-0.014      -0.012
-0.012      -0.012
 -0.01      -0.012
-0.008      -0.012
-0.006      -0.012
-0.004      -0.012
-0.002      -0.012
     0      -0.012
 0.002      -0.012
 0.004      -0.012
 0.006      -0.012
 0.008      -0.012
  0.01      -0.012
 0.012      -0.012
 0.014      -0.012
 0.016      -0.012
 0.018      -0.012
  0.02      -0.012
 0.022      -0.012
 0.024      -0.012
 0.026      -0.012
 0.028      -0.012
  0.03      -0.012
 -0.03       -0.01
-0.028       -0.01
-0.026       -0.01
-0.024       -0.01
-0.022       -0.01
 -0.02       -0.01
-0.018       -0.01
-0.016       -0.01
-0.014       -0.01
-0.012       -0.01
 -0.01       -0.01
-0.008       -0.01
-0.006       -0.01
-0.004       -0.01
-0.002       -0.01
     0       -0.01
 0.002       -0.01
 0.004       -0.01
 0.006       -0.01
 0.008       -0.01
  0.01       -0.01
 0.012       -0.01
 0.014       -0.01
 0.016       -0.01
 0.018       -0.01
  0.02       -0.01
 0.022       -0.01
 0.024       -0.01
 0.026       -0.01
 0.028       -0.01
  0.03       -0.01
 -0.03      -0.008
-0.028      -0.008
-0.026      -0.008
-0.024      -0.008
-0.022      -0.008
 -0.02      -0.008
-0.018      -0.008
-0.016      -0.008
-0.014      -0.008
-0.012      -0.008
 -0.01      -0.008
-0.008      -0.008
-0.006      -0.008
-0.004      -0.008
-0.002      -0.008
     0      -0.008
 0.002      -0.008
 0.004      -0.008
 0.006      -0.008
 0.008      -0.008
  0.01      -0.008
 0.012      -0.008
 0.014      -0.008
 0.016      -0.008
 0.018      -0.008
  0.02      -0.008
 0.022      -0.008
 0.024      -0.008
 0.026      -0.008
 0.028      -0.008
  0.03      -0.008
 -0.03      -0.006
-0.028      -0.006
-0.026      -0.006
-0.024      -0.006
-0.022      -0.006
 -0.02      -0.006
-0.018      -0.006
-0.016      -0.006
-0.014      -0.006
-0.012      -0.006
 -0.01      -0.006
-0.008      -0.006
-0.006      -0.006
-0.004      -0.006
-0.002      -0.006
     0      -0.006
 0.002      -0.006
 0.004      -0.006
 0.006      -0.006
 0.008      -0.006
  0.01      -0.006
 0.012      -0.006
 0.014      -0.006
 0.016      -0.006
 0.018      -0.006
  0.02      -0.006
 0.022      -0.006
 0.024      -0.006
 0.026      -0.006
 0.028      -0.006
  0.03      -0.006
 -0.03      -0.004
-0.028      -0.004
-0.026      -0.004
-0.024      -0.004
-0.022      -0.004
 -0.02      -0.004
-0.018      -0.004
-0.016      -0.004
-0.014      -0.004
-0.012      -0.004
 -0.01      -0.004
-0.008      -0.004
-0.006      -0.004
-0.004      -0.004
-0.002      -0.004
     0      -0.004
 0.002      -0.004
 0.004      -0.004
 0.006      -0.004
 0.008      -0.004
  0.01      -0.004
 0.012      -0.004
 0.014      -0.004
 0.016      -0.004
 0.018      -0.004
  0.02      -0.004
 0.022      -0.004
 0.024      -0.004
 0.026      -0.004
 0.028      -0.004
  0.03      -0.004
 -0.03      -0.002
-0.028      -0.002
-0.026      -0.002
-0.024      -0.002
-0.022      -0.002
 -0.02      -0.002
-0.018      -0.002
-0.016      -0.002
-0.014      -0.002
-0.012      -0.002
 -0.01      -0.002
-0.008      -0.002
-0.006      -0.002
-0.004      -0.002
-0.002      -0.002
     0      -0.002
 0.002      -0.002
 0.004      -0.002
 0.006      -0.002
 0.008      -0.002
  0.01      -0.002
 0.012      -0.002
 0.014      -0.002
 0.016      -0.002
 0.018      -0.002
  0.02      -0.002
 0.022      -0.002
 0.024      -0.002
 0.026      -0.002
 0.028      -0.002
  0.03      -0.002
 -0.03           0
-0.028           0
-0.026           0
-0.024           0
-0.022           0
 -0.02           0
-0.018           0
-0.016           0
-0.014           0
-0.012           0
 -0.01           0
-0.008           0
-0.006           0
-0.004           0
-0.002           0
     0           0
 0.002           0
 0.004           0
 0.006           0
 0.008           0
  0.01           0
 0.012           0
 0.014           0
 0.016           0
 0.018           0
  0.02           0
 0.022           0
 0.024           0
 0.026           0
 0.028           0
  0.03           0
 -0.03       0.002
-0.028       0.002
-0.026       0.002
-0.024       0.002
-0.022       0.002
 -0.02       0.002
-0.018       0.002
-0.016       0.002
-0.014       0.002
-0.012       0.002
 -0.01       0.002
-0.008       0.002
-0.006       0.002
-0.004       0.002
-0.002       0.002
     0       0.002
 0.002       0.002
 0.004       0.002
 0.006       0.002
 0.008       0.002
  0.01       0.002
 0.012       0.002
 0.014       0.002
 0.016       0.002
 0.018       0.002
  0.02       0.002
 0.022       0.002
 0.024       0.002
 0.026       0.002
 0.028       0.002
  0.03       0.002
 -0.03       0.004
-0.028       0.004
-0.026       0.004
-0.024       0.004
-0.022       0.004
 -0.02       0.004
-0.018       0.004
-0.016       0.004
-0.014       0.004
-0.012       0.004
 -0.01       0.004
-0.008       0.004
-0.006       0.004
-0.004       0.004
-0.002       0.004
     0       0.004
 0.002       0.004
 0.004       0.004
 0.006       0.004
 0.008       0.004
  0.01       0.004
 0.012       0.004
 0.014       0.004
 0.016       0.004
 0.018       0.004
  0.02       0.004
 0.022       0.004
 0.024       0.004
 0.026       0.004
 0.028       0.004
  0.03       0.004
 -0.03       0.006
-0.028       0.006
-0.026       0.006
-0.024       0.006
-0.022       0.006
 -0.02       0.006
-0.018       0.006
-0.016       0.006
-0.014       0.006
-0.012       0.006
 -0.01       0.006
-0.008       0.006
-0.006       0.006
-0.004       0.006
-0.002       0.006
     0       0.006
 0.002       0.006
 0.004       0.006
 0.006       0.006
 0.008       0.006
  0.01       0.006
 0.012       0.006
 0.014       0.006
 0.016       0.006
 0.018       0.006
  0.02       0.006
 0.022       0.006
 0.024       0.006
 0.026       0.006
 0.028       0.006
  0.03       0.006
 -0.03       0.008
-0.028       0.008
-0.026       0.008
-0.024       0.008
-0.022       0.008
 -0.02       0.008
-0.018       0.008
-0.016       0.008
-0.014       0.008
-0.012       0.008
 -0.01       0.008
-0.008       0.008
-0.006       0.008
-0.004       0.008
-0.002       0.008
     0       0.008
 0.002       0.008
 0.004       0.008
 0.006       0.008
 0.008       0.008
  0.01       0.008
 0.012       0.008
 0.014       0.008
 0.016       0.008
 0.018       0.008
  0.02       0.008
 0.022       0.008
 0.024       0.008
 0.026       0.008
 0.028       0.008
  0.03       0.008
 -0.03        0.01
-0.028        0.01
-0.026        0.01
-0.024        0.01
-0.022        0.01
 -0.02        0.01
-0.018        0.01
-0.016        0.01
-0.014        0.01
-0.012        0.01
 -0.01        0.01
-0.008        0.01
-0.006        0.01
-0.004        0.01
-0.002        0.01
     0        0.01
 0.002        0.01
 0.004        0.01
 0.006        0.01
 0.008        0.01
  0.01        0.01
 0.012        0.01
 0.014        0.01
 0.016        0.01
 0.018        0.01
  0.02        0.01
 0.022        0.01
 0.024        0.01
 0.026        0.01
 0.028        0.01
  0.03        0.01
 -0.03       0.012
-0.028       0.012
-0.026       0.012
-0.024       0.012
-0.022       0.012
 -0.02       0.012
-0.018       0.012
-0.016       0.012
-0.014       0.012
-0.012       0.012
 -0.01       0.012
-0.008       0.012
-0.006       0.012
-0.004       0.012
-0.002       0.012
     0       0.012
 0.002       0.012
 0.004       0.012
 0.006       0.012
 0.008       0.012
  0.01       0.012
 0.012       0.012
 0.014       0.012
 0.016       0.012
 0.018       0.012
  0.02       0.012
 0.022       0.012
 0.024       0.012
 0.026       0.012
 0.028       0.012
  0.03       0.012
 -0.03       0.014
-0.028       0.014
-0.026       0.014
-0.024       0.014
-0.022       0.014
 -0.02       0.014
-0.018       0.014
-0.016       0.014
-0.014       0.014
-0.012       0.014
 -0.01       0.014
-0.008       0.014
-0.006       0.014
-0.004       0.014
-0.002       0.014
     0       0.014
 0.002       0.014
 0.004       0.014
 0.006       0.014
 0.008       0.014
  0.01       0.014
 0.012       0.014
 0.014       0.014
 0.016       0.014
 0.018       0.014
  0.02       0.014
 0.022       0.014
 0.024       0.014
 0.026       0.014
 0.028       0.014
  0.03       0.014
 -0.03       0.016
-0.028       0.016
-0.026       0.016
-0.024       0.016
-0.022       0.016
 -0.02       0.016
-0.018       0.016
-0.016       0.016
-0.014       0.016
-0.012       0.016
 -0.01       0.016
-0.008       0.016
-0.006       0.016
-0.004       0.016
-0.002       0.016
     0       0.016
 0.002       0.016
 0.004       0.016
 0.006       0.016
 0.008       0.016
  0.01       0.016
 0.012       0.016
 0.014       0.016
 0.016       0.016
 0.018       0.016
  0.02       0.016
 0.022       0.016
 0.024       0.016
 0.026       0.016
 0.028       0.016
  0.03       0.016
 -0.03       0.018
-0.028       0.018
-0.026       0.018
-0.024       0.018
-0.022       0.018
 -0.02       0.018
-0.018       0.018
-0.016       0.018
-0.014       0.018
-0.012       0.018
 -0.01       0.018
-0.008       0.018
-0.006       0.018
-0.004       0.018
-0.002       0.018
     0       0.018
 0.002       0.018
 0.004       0.018
 0.006       0.018
 0.008       0.018
  0.01       0.018
 0.012       0.018
 0.014       0.018
 0.016       0.018
 0.018       0.018
  0.02       0.018
 0.022       0.018
 0.024       0.018
 0.026       0.018
 0.028       0.018
  0.03       0.018
 -0.03        0.02
-0.028        0.02
-0.026        0.02
-0.024        0.02
-0.022        0.02
 -0.02        0.02
-0.018        0.02
-0.016        0.02
-0.014        0.02
-0.012        0.02
 -0.01        0.02
-0.008        0.02
-0.006        0.02
-0.004        0.02
-0.002        0.02
     0        0.02
 0.002        0.02
 0.004        0.02
 0.006        0.02
 0.008        0.02
  0.01        0.02
 0.012        0.02
 0.014        0.02
 0.016        0.02
 0.018        0.02
  0.02        0.02
 0.022        0.02
 0.024        0.02
 0.026        0.02
 0.028        0.02
  0.03        0.02
 -0.03       0.022
-0.028       0.022
-0.026       0.022
-0.024       0.022
-0.022       0.022
 -0.02       0.022
-0.018       0.022
-0.016       0.022
-0.014       0.022
-0.012       0.022
 -0.01       0.022
-0.008       0.022
-0.006       0.022
-0.004       0.022
-0.002       0.022
     0       0.022
 0.002       0.022
 0.004       0.022
 0.006       0.022
 0.008       0.022
  0.01       0.022
 0.012       0.022
 0.014       0.022
 0.016       0.022
 0.018       0.022
  0.02       0.022
 0.022       0.022
 0.024       0.022
 0.026       0.022
 0.028       0.022
  0.03       0.022
 -0.03       0.024
-0.028       0.024
-0.026       0.024
-0.024       0.024
-0.022       0.024
 -0.02       0.024
-0.018       0.024
-0.016       0.024
-0.014       0.024
-0.012       0.024
 -0.01       0.024
-0.008       0.024
-0.006       0.024
-0.004       0.024
-0.002       0.024
     0       0.024
 0.002       0.024
 0.004       0.024
 0.006       0.024
 0.008       0.024
  0.01       0.024
 0.012       0.024
 0.014       0.024
 0.016       0.024
 0.018       0.024
  0.02       0.024
 0.022       0.024
 0.024       0.024
 0.026       0.024
 0.028       0.024
  0.03       0.024
 -0.03       0.026
-0.028       0.026
-0.026       0.026
-0.024       0.026
-0.022       0.026
 -0.02       0.026
-0.018       0.026
-0.016       0.026
-0.014       0.026
-0.012       0.026
 -0.01       0.026
-0.008       0.026
-0.006       0.026
-0.004       0.026
-0.002       0.026
     0       0.026
 0.002       0.026
 0.004       0.026
 0.006       0.026
 0.008       0.026
  0.01       0.026
 0.012       0.026
 0.014       0.026
 0.016       0.026
 0.018       0.026
  0.02       0.026
 0.022       0.026
 0.024       0.026
 0.026       0.026
 0.028       0.026
  0.03       0.026
 -0.03       0.028
-0.028       0.028
-0.026       0.028
-0.024       0.028
-0.022       0.028
 -0.02       0.028
-0.018       0.028
-0.016       0.028
-0.014       0.028
-0.012       0.028
 -0.01       0.028
-0.008       0.028
-0.006       0.028
-0.004       0.028
-0.002       0.028
     0       0.028
 0.002       0.028
 0.004       0.028
 0.006       0.028
 0.008       0.028
  0.01       0.028
 0.012       0.028
 0.014       0.028
 0.016       0.028
 0.018       0.028
  0.02       0.028
 0.022       0.028
 0.024       0.028
 0.026       0.028
 0.028       0.028
  0.03       0.028
 -0.03        0.03
-0.028        0.03
-0.026        0.03
-0.024        0.03
-0.022        0.03
 -0.02        0.03
-0.018        0.03
-0.016        0.03
-0.014        0.03
-0.012        0.03
 -0.01        0.03
-0.008        0.03
-0.006        0.03
-0.004        0.03
-0.002        0.03
     0        0.03
 0.002        0.03
 0.004        0.03
 0.006        0.03
 0.008        0.03
  0.01        0.03
 0.012        0.03
 0.014        0.03
 0.016        0.03
 0.018        0.03
  0.02        0.03
 0.022        0.03
 0.024        0.03
 0.026        0.03
 0.028        0.03
  0.03        0.03
