% Model:              FEA_voltage_excitation.mph
% Version:            COMSOL 6.0.0.318
% Date:               Oct 9 2022, 13:57
% Table:              Table 1 - Point Evaluation 1
% Switch 1 index         Time (s)                 Magnetic flux density, z component (T), Point: 5Coil current (A), Point: 5
1                        0                        1.7519937502913432E-6    4.2557727931126006E-4
1                        6.060606060606061E-5     0.007707189356104524     1.4874750055073944
1                        1.2121212121212122E-4    0.011940152835648402     2.2513036662684267
1                        1.8181818181818183E-4    0.014211063586018466     2.6525820461410685
1                        2.4242424242424245E-4    0.015453646805263788     2.8705334701951224
1                        3.0303030303030303E-4    0.016148513447081868     2.9912086295623586
1                        3.6363636363636367E-4    0.016540267174932885     3.058611225958237
1                        4.242424242424243E-4     0.016766028890125892     3.0971993154231687
1                        4.848484848484849E-4     0.01688066753666069      3.1166307809303397
1                        5.454545454545455E-4     0.016951487798544516     3.1286041413729446
1                        6.060606060606061E-4     0.016990741881186718     3.135196301549399
1                        6.666666666666668E-4     0.017013668539915074     3.139020233321183
1                        7.272727272727273E-4     0.017028806536717622     3.1415408534848916
1                        7.878787878787879E-4     0.017032851478739675     3.1421989447647785
1                        8.484848484848486E-4     0.01703178013613242      3.1420105421093174
1                        9.090909090909092E-4     0.017030708793525168     3.141822139453856
1                        9.696969696969698E-4     0.01702963745091791      3.141633736798395
1                        0.0010303030303030305    0.017028566108310654     3.141445334142934
1                        0.001090909090909091     0.017027817606475086     3.1413139955464375
1                        0.0011515151515151516    0.01702754552352851      3.1412668668699912
1                        0.0012121212121212121    0.017027273440581935     3.141219738193545
1                        0.0012727272727272728    0.01702700135763536      3.1411726095170986
1                        0.0013333333333333335    0.017026729274688783     3.1411254808406524
1                        0.001393939393939394     0.017026579918511094     3.141099654680045
1                        0.0014545454545454547    0.017026540169058385     3.1410928537004663
1                        0.0015151515151515154    0.01702650041960567      3.1410860527208873
1                        0.0015757575757575758    0.01702646067015296      3.1410792517413086
1                        0.0016363636363636365    0.01702642092070024      3.1410724507617296
1                        0.0016969696969696972    0.017026381171247523     3.141065649782151
1                        0.0017575757575757577    0.017026341421794815     3.141058848802572
1                        0.0018181818181818184    0.017026301672342106     3.1410520478229933
1                        0.0018787878787878789    0.01702626192288939      3.1410452468434142
1                        0.0019393939393939396    0.017026222173436675     3.1410384458638356
1                        0.002                    0.017026208973602158     3.14103619467253
1                        0.002060606060606061     0.01702620339985067      3.1410352503573886
1                        0.0021212121212121214    0.017026197826099182     3.1410343060422474
1                        0.002181818181818182     0.017026192252347694     3.1410333617271067
1                        0.002242424242424243     0.017026186678596206     3.1410324174119655
1                        0.0023030303030303033    0.017026181104844728     3.1410314730968243
1                        0.0023636363636363638    0.017026175531093236     3.141030528781683
1                        0.0024242424242424242    0.01702616995734175      3.141029584466542
1                        0.002484848484848485     0.01702616438359026      3.1410286401514007
1                        0.0025454545454545456    0.01702615880983878      3.1410276958362595
1                        0.002606060606060606     0.017026155701639248     3.141027169592037
1                        0.002666666666666667     0.01702615293969533      3.1410267020605924
1                        0.0027272727272727275    0.01702615064838106      3.1410263146193356
1                        0.002787878787878788     0.01702614921312823      3.141026072698215
1                        0.002848484848484849     0.017026148568757185     3.141025964545341
1                        0.0029090909090909093    0.017026147924386132     3.141025856392467
1                        0.00296969696969697      0.017026147404382543     3.1410257692205703
1                        0.0030303030303030307    0.012725522752779196     2.291102643971088
1                        0.003090909090909091     0.006987888747290619     1.2306379164867627
1                        0.0031515151515151517    0.003743700993903273     0.6495046567774171
1                        0.0032121212121212126    0.002007805928801552     0.3445838293619681
1                        0.003272727272727273     0.0011061341646697847    0.18848486708454326
1                        0.0033333333333333335    6.113701784882275E-4     0.10352373149024241
1                        0.0033939393939393945    3.3647189474515847E-4    0.056649710115171996
1                        0.003454545454545455     1.8560444397718192E-4    0.031102463072336037
1                        0.0035151515151515154    1.0222937740447403E-4    0.017061025968567334
1                        0.003575757575757576     5.571909735720567E-5     0.009259975143786556
1                        0.003636363636363637     3.030555118921616E-5     0.005018401537660377
1                        0.0036969696969696973    1.6789612149703436E-5    0.002775636591083805
1                        0.0037575757575757577    9.305022754009732E-6     0.0015365238463637665
1                        0.0038181818181818187    5.092489401200487E-6     8.393667310521047E-4
1                        0.003878787878787879     2.7632314994207815E-6    4.544883229599459E-4
1                        0.00393939393939394      1.5200594947094167E-6    2.498044692005052E-4
1                        0.004                    8.470745274899781E-7     1.392092489591015E-4
1                        0.0040606060606060606    4.676413187088416E-7     7.681514850837128E-5
1                        0.004121212121212122     2.5391089257166225E-7    4.1660072457855956E-5
1                        0.004181818181818182     1.3929829878637457E-7    2.28462138551176E-5
1                        0.004242424242424243     7.749263443147783E-8     1.2714871266044128E-5
1                        0.004303030303030303     4.2909915853347215E-8    7.040236546208122E-6
1                        0.004363636363636364     2.3775011989871527E-8    3.899166367421843E-6
1                        0.004424242424242424     1.3397103513777632E-8    2.196861260117437E-6
1                        0.004484848484848486     7.609086683208157E-9     1.2478164621516252E-6
1                        0.004545454545454546     4.3205016920758945E-9    7.085762845848262E-7
1                        0.004606060606060607     2.417403275778434E-9     3.964534231883999E-7
1                        0.004666666666666667     1.344545187334148E-9     2.2049328235538628E-7
1                        0.0047272727272727275    7.563114058696584E-10    1.2402516836863758E-7
1                        0.004787878787878788     4.2861996161143194E-10   7.028845468550397E-8
1                        0.0048484848484848485    2.4332188929731223E-10   3.990201121348251E-8
1                        0.00490909090909091      1.362239216723075E-10    2.2339106588382467E-8
1                        0.00496969696969697      7.571655123312775E-11    1.2416484079691011E-8
1                        0.005030303030303031     4.256186169454198E-11    6.979534271128753E-9
1                        0.005090909090909091     2.4112186073156218E-11   3.9540503609674625E-9
1                        0.005151515151515152     1.3688993793209029E-11   2.244796905381361E-9
1                        0.005212121212121212     7.665213742910507E-12    1.256982077764333E-9
1                        0.0052727272727272735    4.261289526932307E-12    6.987870766713757E-10
1                        0.005333333333333334     2.395894136629942E-12    3.92889910799997E-10
1                        0.0053939393939393945    1.3574200458715128E-12   2.2259596029024845E-10
1                        0.005454545454545455     7.709637254513224E-13    1.2642609780158613E-10
1                        0.0055151515151515155    4.3197907896782496E-13   7.083783048309089E-11
1                        0.005575757575757576     2.4006147170812265E-13   3.9366300702192845E-11
1                        0.005636363636363637     1.349405894095822E-13    2.2128125753718617E-11
1                        0.005696969696969698     7.644752533127733E-14    1.253618206231104E-11
1                        0.005757575757575758     4.345927128349854E-14    7.126631970608738E-12
1                        0.005818181818181819     2.4397372990403118E-14   4.0007806925301946E-12
1                        0.005878787878787879     1.3547939993632408E-14   2.2216470539134535E-12
1                        0.00593939393939394      7.609987885218759E-15    1.2479162312936102E-12
1                        0.006                    4.319809080682332E-15    7.083797127906592E-13
2                        0                        1.7458009167656447E-6    4.2601092122664303E-4
2                        6.060606060606061E-5     0.007256461948752818     1.5166634053645593
2                        1.2121212121212122E-4    0.011325629509667215     2.2776920545885533
2                        1.8181818181818183E-4    0.013564729454653267     2.667646320097489
2                        2.4242424242424245E-4    0.014832320461716085     2.87601657300478
2                        3.0303030303030303E-4    0.015578319590051393     2.990378265728106
2                        3.6363636363636367E-4    0.016031456692867707     3.0541505588925433
2                        4.242424242424243E-4     0.016318552064179898     3.0909415786324717
2                        4.848484848484849E-4     0.016491552699222527     3.109700232489002
2                        5.454545454545455E-4     0.01661378574873964      3.121568418560147
2                        6.060606060606061E-4     0.016698442237749255     3.128528116171129
2                        6.666666666666668E-4     0.016761348948006568     3.132937875886684
2                        7.272727272727273E-4     0.01681089384698204      3.136045101190303
2                        7.878787878787879E-4     0.016841384341907573     3.137275628869781
2                        8.484848484848486E-4     0.01685968248921999      3.137547307491167
2                        9.090909090909092E-4     0.016877980636532404     3.1378189861125523
2                        9.696969696969698E-4     0.016889935754434676     3.1380561274485195
2                        0.0010303030303030305    0.016900964928979488     3.138288227097313
2                        0.001090909090909091     0.01691199410352431      3.138520326746107
2                        0.0011515151515151516    0.016923023278069133     3.1387524263949005
2                        0.0012121212121212121    0.016934037873371225     3.1389842572837123
2                        0.0012727272727272728    0.016940842414764727     3.1391384782423066
2                        0.0013333333333333335    0.016947646956158226     3.139292699200901
2                        0.001393939393939394     0.016954451497551717     3.139446920159495
2                        0.0014545454545454547    0.016961256038945216     3.139601141118089
2                        0.0015151515151515154    0.016967568534460322     3.1397441004775835
2                        0.0015757575757575758    0.01697070888461113      3.139814458010808
2                        0.0016363636363636365    0.016973849234761924     3.139884815544032
2                        0.0016969696969696972    0.016976989584912734     3.1399551730772566
2                        0.0017575757575757577    0.016980129935063534     3.140025530610481
2                        0.0018181818181818184    0.016983270285214333     3.1400958881437053
2                        0.0018787878787878789    0.016986410635365136     3.1401662456769297
2                        0.0019393939393939396    0.016989550985515935     3.1402366032101545
2                        0.002                    0.01699269133566674      3.140306960743379
2                        0.002060606060606061     0.016995831685817545     3.1403773182766033
2                        0.0021212121212121214    0.016998319284432045     3.140432646643657
2                        0.002181818181818182     0.01699981107624344      3.140465047227189
2                        0.002242424242424243     0.017001302868054836     3.1404974478107213
2                        0.0023030303030303033    0.01700279465986624      3.1405298483942534
2                        0.0023636363636363638    0.017004286451677633     3.1405622489777856
2                        0.0024242424242424242    0.017005778243489037     3.1405946495613177
2                        0.002484848484848485     0.01700727003530043      3.1406270501448503
2                        0.0025454545454545456    0.017008761827111835     3.1406594507283825
2                        0.002606060606060606     0.017010253618923228     3.1406918513119146
2                        0.002666666666666667     0.01701174541073463      3.140724251895447
2                        0.0027272727272727275    0.017013025419016004     3.1407518363960754
2                        0.002787878787878788     0.017014195165821182     3.1407769134854315
2                        0.002848484848484849     0.017015339293661        3.1408014134685276
2                        0.0029090909090909093    0.01701636875551541      3.1408233304254503
2                        0.00296969696969697      0.01701732589333503      3.1408436277805696
2                        0.0030303030303030307    0.012903740775138967     2.2563933498574875
2                        0.003090909090909091     0.007397428893068672     1.172488082719261
2                        0.0031515151515151517    0.004310898290763889     0.6128003113957127
2                        0.0032121212121212126    0.0026128382969798835    0.32656887251108513
2                        0.003272727272727273     0.001670606239422082     0.17972942738569728
2                        0.0033333333333333335    0.0011325981140753883    0.10332152319875991
2                        0.0033939393939393945    8.038839273917622E-4     0.061032359004101866
2                        0.003454545454545455     5.959061608005656E-4     0.03731855156984638
2                        0.0035151515151515154    4.6001332177528865E-4    0.0239456130254269
2                        0.003575757575757576     3.6645857370757836E-4    0.016059034182448185
2                        0.003636363636363637     2.9943164784901474E-4    0.011271447211143157
2                        0.0036969696969696973    2.498764024563935E-4     0.008317455460625425
2                        0.0037575757575757577    2.118699781868067E-4     0.006407929388165034
2                        0.0038181818181818187    1.8176413171444247E-4    0.00510040846249385
2                        0.003878787878787879     1.573518643321706E-4     0.004164646735376226
2                        0.00393939393939394      1.3720558500252477E-4    0.0034721828486527968
2                        0.004                    1.2027114106158106E-4    0.0029336074847486357
2                        0.0040606060606060606    1.0585823760491746E-4    0.0025005124353568308
2                        0.004121212121212122     9.354404168915852E-5     0.0021541880349965365
2                        0.004181818181818182     8.29370894104244E-5      0.0018714681980692338
2                        0.004242424242424243     7.3758556026863E-5       0.0016392563676405532
2                        0.004303030303030303     6.574913713403873E-5     0.0014436841834582106
2                        0.004363636363636364     5.873262277511465E-5     0.001277308945659993
2                        0.004424242424242424     5.253955930701972E-5     0.0011328544541659837
2                        0.004484848484848486     4.706885970080881E-5     0.0010073735638866938
2                        0.004545454545454546     4.221154486991796E-5     8.97214818700489E-4
2                        0.004606060606060607     3.788256560069001E-5     8.001206318401355E-4
2                        0.004666666666666667     3.4029318594673E-5       7.147863337062034E-4
2                        0.0047272727272727275    3.058320202800491E-5     6.392549526100076E-4
2                        0.004787878787878788     2.750048227365993E-5     5.723808953321798E-4
2                        0.0048484848484848485    2.4741209714543595E-5    5.130795794008135E-4
2                        0.00490909090909091      2.2265105908087517E-5    4.6027261738622994E-4
2                        0.00496969696969697      2.004068253265371E-5     4.1314742655769557E-4
2                        0.005030303030303031     1.803697773027329E-5     3.709039314366933E-4
2                        0.005090909090909091     1.6228312149331232E-5    3.328982347164185E-4
2                        0.005151515151515152     1.4600178120399065E-5    2.9880233479198225E-4
2                        0.005212121212121212     1.3136840537463658E-5    2.6826291306475945E-4
2                        0.0052727272727272735    1.1829386604908932E-5    2.411228558035493E-4
2                        0.005333333333333334     1.0651326086455256E-5    2.1672089493683032E-4
2                        0.0053939393939393945    9.592098694633062E-6     1.9485668489981284E-4
2                        0.005454545454545455     8.645995682686076E-6     1.754717233112108E-4
2                        0.0055151515151515155    7.798098275821379E-6     1.5818885192488152E-4
2                        0.005575757575757576     7.033470424633194E-6     1.4261698172751618E-4
2                        0.005636363636363637     6.346592020119414E-6     1.2868298454906822E-4
2                        0.005696969696969698     5.728798679235159E-6     1.1618968728564807E-4
2                        0.005757575757575758     5.170925776550804E-6     1.0490878831500391E-4
2                        0.005818181818181819     4.666899933292352E-6     9.470767058988783E-5
2                        0.005878787878787879     4.2108537854462036E-6    8.545109077075295E-5
2                        0.00593939393939394      3.798360147452684E-6     7.707923841423418E-5
2                        0.006                    3.4253961477480063E-6    6.949539315858248E-5
3                        0                        1.7456689184328912E-6    4.2602018203278104E-4
3                        6.060606060606061E-5     0.0072253416522728       1.5186172630078736
3                        1.2121212121212122E-4    0.011273489071507554     2.2791238582158835
3                        1.8181818181818183E-4    0.013504581878946358     2.6685256108213924
3                        2.4242424242424245E-4    0.01477158789167047      2.8766871073108904
3                        3.0303030303030303E-4    0.015518924408528334     2.9907158250014136
3                        3.6363636363636367E-4    0.015975372178427438     3.0543974882975107
3                        4.242424242424243E-4     0.01626525104384238      3.0909587888740213
3                        4.848484848484849E-4     0.01644211168297051      3.109641339169948
3                        5.454545454545455E-4     0.016567339898641495     3.1213412991156004
3                        6.060606060606061E-4     0.01665542394235829      3.12825581923
3                        6.666666666666668E-4     0.0167220063482047       3.1327019178684146
3                        7.272727272727273E-4     0.01677442799636792      3.135777789835999
3                        7.878787878787879E-4     0.016806833624506808     3.13694426147492
3                        8.484848484848486E-4     0.0168275178161664       3.1372262985373025
3                        9.090909090909092E-4     0.016848202007825996     3.137508335599685
3                        9.696969696969698E-4     0.016861565329709602     3.1377574601328626
3                        0.0010303030303030305    0.01687425149843471      3.1380035403798026
3                        0.001090909090909091     0.01688693766715982      3.1382496206267425
3                        0.0011515151515151516    0.016899623835884933     3.138495700873683
3                        0.0012121212121212121    0.016912092519951936     3.138738079529455
3                        0.0012727272727272728    0.016920082859691567     3.138904236717685
3                        0.0013333333333333335    0.016928073199431196     3.1390703939059152
3                        0.001393939393939394     0.016936063539170824     3.1392365510941453
3                        0.0014545454545454547    0.016944053878910445     3.1394027082823754
3                        0.0015151515151515154    0.016951306619760728     3.1395532240235604
3                        0.0015757575757575758    0.01695513664296205      3.139631157962318
3                        0.0016363636363636365    0.01695896666616337      3.1397090919010755
3                        0.0016969696969696972    0.016962796689364682     3.139787025839833
3                        0.0017575757575757577    0.016966626712566005     3.139864959778591
3                        0.0018181818181818184    0.016970456735767324     3.1399428937173486
3                        0.0018787878787878789    0.016974286758968646     3.140020827656106
3                        0.0019393939393939396    0.016978116782169962     3.1400987615948637
3                        0.002                    0.01698194680537128      3.1401766955336217
3                        0.002060606060606061     0.0169857768285726       3.140254629472379
3                        0.0021212121212121214    0.016988760058849455     3.1403146526637773
3                        0.002181818181818182     0.016990662279522784     3.140351811127162
3                        0.002242424242424243     0.016992564500196122     3.140388969590547
3                        0.0023030303030303033    0.016994466720869447     3.140426128053932
3                        0.0023636363636363638    0.01699636894154278      3.140463286517317
3                        0.0024242424242424242    0.01699827116221611      3.140500444980702
3                        0.002484848484848485     0.01700017338288944      3.140537603444087
3                        0.0025454545454545456    0.017002075603562764     3.1405747619074713
3                        0.002606060606060606     0.0170039778242361       3.1406119203708562
3                        0.002666666666666667     0.017005880044909428     3.140649078834241
3                        0.0027272727272727275    0.01700751449775604      3.14068066744872
3                        0.002787878787878788     0.017009034854101414     3.140709882737469
3                        0.002848484848484849     0.017010517272711686     3.1407383182521107
3                        0.0029090909090909093    0.017011869920248737     3.140764086445613
3                        0.00296969696969697      0.01701312980014697      3.1407879619877055
3                        0.0030303030303030307    0.012844027633215072     2.2400793983392955
3                        0.003090909090909091     0.007388934746118794     1.1609704121333864
3                        0.0031515151515151517    0.0043368218107035245    0.6060635399115629
3                        0.0032121212121212126    0.0026557688434739124    0.3229139897463958
3                        0.003272727272727273     0.001718956333818993     0.17758838963417092
3                        0.0033333333333333335    0.001182509346072033     0.1021854317317432
3                        0.0033939393939393945    8.552480653520153E-4     0.06091599953469651
3                        0.003454545454545455     6.463286000102069E-4     0.03773644179298266
3                        0.0035151515151515154    5.068112960715492E-4     0.024368138891795912
3                        0.003575757575757576     4.099643676588185E-4     0.016519000715923833
3                        0.003636363636363637     3.3971749475590466E-4    0.011738865596828853
3                        0.0036969696969696973    2.8718641149110246E-4    0.008778641161428177
3                        0.0037575757575757577    2.464286264104316E-4     0.006852437357947966
3                        0.0038181818181818187    2.1375023681756119E-4    0.005519077151711604
3                        0.003878787878787879     1.8689541485868486E-4    0.004544422808389488
3                        0.00393939393939394      1.6441643633516463E-4    0.0038015740398288744
3                        0.004                    1.4541914954240915E-4    0.0032263822773322464
3                        0.0040606060606060606    1.2927529460202478E-4    0.0027795458261471364
3                        0.004121212121212122     1.1538903868785189E-4    0.0024209321609442794
3                        0.004181818181818182     1.0317718296993985E-4    0.0021161998766296253
3                        0.004242424242424243     9.248781969845113E-5     0.0018598936103796893
3                        0.004303030303030303     8.309778957090599E-5     0.0016432434587388266
3                        0.004363636363636364     7.481441341565279E-5     0.0014584296885035459
3                        0.004424242424242424     6.746423957422541E-5     0.001298946500821401
3                        0.004484848484848486     6.0938844579637616E-5    0.0011610247208201441
3                        0.004545454545454546     5.5145267818589816E-5    0.001041564163151147
3                        0.004606060606060607     4.997971215989294E-5     9.373305792569287E-4
3                        0.004666666666666667     4.5364851421413144E-5    8.459075130236417E-4
3                        0.0047272727272727275    4.1220566488896606E-5    7.649589992101834E-4
3                        0.004787878787878788     3.746393856682871E-5     6.91919958448808E-4
3                        0.0048484848484848485    3.407607631069718E-5     6.267809917736812E-4
3                        0.00490909090909091      3.097985278362787E-5     5.67239706902787E-4
3                        0.00496969696969697      2.8178661844252187E-5    5.138485841792204E-4
3                        0.005030303030303031     2.5627910391257278E-5    4.655042047636788E-4
3                        0.005090909090909091     2.331513623056817E-5     4.220130363131059E-4
3                        0.005151515151515152     2.1220911404098798E-5    3.8301358843744767E-4
3                        0.005212121212121212     1.9323603693877817E-5    3.479884969130217E-4
3                        0.0052727272727272735    1.7606044414325794E-5    3.165224082122487E-4
3                        0.005333333333333334     1.6050652366342807E-5    2.882320757530385E-4
3                        0.0053939393939393945    1.4644580417082746E-5    2.627988240847883E-4
3                        0.005454545454545455     1.3369808303014077E-5    2.398179473158799E-4
3                        0.0055151515151515155    1.220996125102658E-5     2.1891210446682238E-4
3                        0.005575757575757576     1.1152411357441661E-5    1.998211124814927E-4
3                        0.005636363636363637     1.0201397047322608E-5    1.828121683169422E-4
3                        0.005696969696969698     9.334335996424672E-6     1.6731383194289114E-4
3                        0.005757575757575758     8.538652676027951E-6     1.530675579747457E-4
3                        0.005818181818181819     7.801771557412514E-6     1.398148010279124E-4
3                        0.005878787878787879     7.1399154369263945E-6    1.2796271782915096E-4
3                        0.00593939393939394      6.5341177371906655E-6    1.1710502750661213E-4
3                        0.006                    5.97343753843685E-6      1.070209702978746E-4
4                        0                        1.7451920111713899E-6    4.260536486328292E-4
4                        6.060606060606061E-5     0.007068359145655935     1.5272487046152274
4                        1.2121212121212122E-4    0.011007723474839574     2.289875816053482
4                        1.8181818181818183E-4    0.013186491301875838     2.677026601570042
4                        2.4242424242424245E-4    0.014435078136331225     2.8820728818924244
4                        3.0303030303030303E-4    0.015181931381393482     2.9937896085942426
4                        3.6363636363636367E-4    0.0156463059246232       3.055856206422812
4                        4.242424242424243E-4     0.01594880114600364      3.091508842661581
4                        4.848484848484849E-4     0.016140391053700093     3.1094839846258324
4                        5.454545454545455E-4     0.0162810278942621       3.1207490728119858
4                        6.060606060606061E-4     0.016384177080869426     3.1273544257882224
4                        6.666666666666668E-4     0.016465136794441823     3.1315640979758523
4                        7.272727272727273E-4     0.016531551526625103     3.134515405932746
4                        7.878787878787879E-4     0.016575303739291378     3.13567075137847
4                        8.484848484848486E-4     0.01660200838747744      3.135954559130423
4                        9.090909090909092E-4     0.016628713035663503     3.1362383668823766
4                        9.696969696969698E-4     0.016655417683849573     3.1365221746343295
4                        0.0010303030303030305    0.01668212233203564      3.136805982386283
4                        0.001090909090909091     0.016704848128308893     3.1370688616266147
4                        0.0011515151515151516    0.01672293375173925      3.1373073338486925
4                        0.0012121212121212121    0.01674101937516961      3.1375458060707704
4                        0.0012727272727272728    0.01675910499859997      3.1377842782928482
4                        0.0013333333333333335    0.016777190622030324     3.138022750514926
4                        0.001393939393939394     0.016790354818185044     3.13819614367947
4                        0.0014545454545454547    0.01680014340984907      3.138324899151214
4                        0.0015151515151515154    0.016809932001513088     3.1384536546229582
4                        0.0015757575757575758    0.016819720593177115     3.1385824100947026
4                        0.0016363636363636365    0.016829509184841142     3.1387111655664466
4                        0.0016969696969696972    0.01683929777650517      3.138839921038191
4                        0.0017575757575757577    0.01684908636816919      3.1389686765099354
4                        0.0018181818181818184    0.016858874959833216     3.1390974319816793
4                        0.0018787878787878789    0.016868663551497243     3.1392261874534237
4                        0.0019393939393939396    0.016878452143161263     3.139354942925168
4                        0.002                    0.01688465987335512      3.1394325691679414
4                        0.002060606060606061     0.016890266161306983     3.1395016077347155
4                        0.0021212121212121214    0.01689587244925883      3.139570646301489
4                        0.002181818181818182     0.01690147873721069      3.1396396848682633
4                        0.002242424242424243     0.016907085025162548     3.1397087234350374
4                        0.0023030303030303033    0.016912691313114403     3.139777762001811
4                        0.0023636363636363638    0.016918297601066258     3.139846800568585
4                        0.0024242424242424242    0.016923903889018113     3.139915839135359
4                        0.002484848484848485     0.016929510176969968     3.1399848777021333
4                        0.0025454545454545456    0.016935014106195165     3.140052465293709
4                        0.002606060606060606     0.01693976190999563      3.1401093345100812
4                        0.002666666666666667     0.016944509713796088     3.1401662037264533
4                        0.0027272727272727275    0.016948487701400256     3.140212635648078
4                        0.002787878787878788     0.016952040568789926     3.1402533037198346
4                        0.002848484848484849     0.016955593436179604     3.140293971791591
4                        0.0029090909090909093    0.016959146303569275     3.1403346398633474
4                        0.00296969696969697      0.01696269917095895      3.1403753079351033
4                        0.0030303030303030307    0.012942418043210429     2.2503472767515764
4                        0.003090909090909091     0.007716443140908679     1.185394432783549
4                        0.0031515151515151517    0.004723585306512687     0.6244373356362675
4                        0.0032121212121212126    0.0030654093823039726    0.34056520336780177
4                        0.003272727272727273     0.002107070530038625     0.19056634533533653
4                        0.0033333333333333335    0.001529213082275608     0.10905239808557644
4                        0.0033939393939393945    0.0011693043733075306    0.06453255137451673
4                        0.003454545454545455     9.353543262900562E-4     0.03984825395952915
4                        0.0035151515151515154    7.750915423061162E-4     0.025727988903888475
4                        0.003575757575757576     6.606050575187225E-4     0.01755832896513141
4                        0.003636363636363637     5.752432481160047E-4     0.012739768635014482
4                        0.0036969696969696973    5.084949963628652E-4     0.009725254390890012
4                        0.0037575757575757577    4.5465146730306173E-4    0.007772977734567868
4                        0.0038181818181818187    4.1015925475266867E-4    0.006473217482296488
4                        0.003878787878787879     3.7238455963335573E-4    0.005536842852564152
4                        0.00393939393939394      3.397380858576888E-4     0.004819820525470033
4                        0.004                    3.1118839298431946E-4    0.004249158085610357
4                        0.0040606060606060606    2.8599066559863986E-4    0.0037817566328192274
4                        0.004121212121212122     2.6359346558818325E-4    0.0033913033279662154
4                        0.004181818181818182     2.4357555703404915E-4    0.003060130388416891
4                        0.004242424242424243     2.2558924183924752E-4    0.002774584402860071
4                        0.004303030303030303     2.0941014200281607E-4    0.0025290384648768284
4                        0.004363636363636364     1.9477958542159858E-4    0.0023148154608345433
4                        0.004424242424242424     1.814783408226063E-4     0.0021247856624545185
4                        0.004484848484848486     1.6919657001177783E-4    0.0019517810335297472
4                        0.004545454545454546     1.579715727318294E-4     0.0017967529592667188
4                        0.004606060606060607     1.476641488294829E-4     0.0016571464232879923
4                        0.004666666666666667     1.3824563095336413E-4    0.0015324413157856182
4                        0.0047272727272727275    1.295475158964497E-4     0.0014192707274722886
4                        0.004787878787878788     1.2153125076126267E-4    0.0013168770229434114
4                        0.0048484848484848485    1.141131919383766E-4     0.0012236654275973027
4                        0.00490909090909091      1.0727814251780597E-4    0.0011393431642285957
4                        0.00496969696969697      1.0092611177176525E-4    0.001062116179892823
4                        0.005030303030303031     9.505017618131958E-5     9.918585231751533E-4
4                        0.005090909090909091     8.960692143955498E-5     9.27844374793552E-4
4                        0.005151515151515152     8.455712773244175E-5     8.69400151337882E-4
4                        0.005212121212121212     7.9873392003924E-5       8.160552171255711E-4
4                        0.0052727272727272735    7.552165212573717E-5     7.672245697775806E-4
4                        0.005333333333333334     7.145778616478486E-5     7.2221046142634E-4
4                        0.0053939393939393945    6.764813427092786E-5     6.804323982339313E-4
4                        0.005454545454545455     6.405748040243107E-5     6.41292445310186E-4
4                        0.0055151515151515155    6.064726991746382E-5     6.042209566410898E-4
4                        0.005575757575757576     5.7415194178460303E-5    5.69347596362266E-4
4                        0.005636363636363637     5.437666264102499E-5     5.368096204642743E-4
4                        0.005696969696969698     5.1531675305157895E-5    5.066070289471157E-4
4                        0.005757575757575758     4.8824802750595725E-5    4.7803049814288865E-4
4                        0.005818181818181819     4.627179506887252E-5     4.512815800909915E-4
4                        0.005878787878787879     4.388142368000707E-5     4.26472521605316E-4
4                        0.00593939393939394      4.161496469504818E-5     4.0308484192216757E-4
4                        0.006                    3.946826532788285E-5     3.8106293867893064E-4
5                        0                        1.744969053768513E-6     4.2606929861119654E-4
5                        6.060606060606061E-5     0.0069512451341893575    1.5335055380950462
5                        1.2121212121212122E-4    0.010791204966920629     2.2981036095460676
5                        1.8181818181818183E-4    0.012911256490996077     2.6841376903221277
5                        2.4242424242424245E-4    0.014131142071508207     2.8871876171373545
5                        3.0303030303030303E-4    0.014867329886764147     2.9971093971371143
5                        3.6363636363636367E-4    0.015331593159439343     3.057824834399856
5                        4.242424242424243E-4     0.01563982201155794      3.092563036751158
5                        4.848484848484849E-4     0.015840376735579344     3.109883752158655
5                        5.454545454545455E-4     0.015990846033266504     3.1207187808925094
5                        6.060606060606061E-4     0.01610419139935006      3.1270610023205343
5                        6.666666666666668E-4     0.016195228135627057     3.1311032407114245
5                        7.272727272727273E-4     0.01627134325840681      3.133946124328336
5                        7.878787878787879E-4     0.016323915182952498     3.1350689807250336
5                        8.484848484848486E-4     0.01635819179230637      3.1353555649601788
5                        9.090909090909092E-4     0.016392468401660244     3.1356421491953244
5                        9.696969696969698E-4     0.016426745011014116     3.13592873343047
5                        0.0010303030303030305    0.016461021620367992     3.1362153176656156
5                        0.001090909090909091     0.016490692514910414     3.1364808602235534
5                        0.0011515151515151516    0.016515013275114523     3.136721960147856
5                        0.0012121212121212121    0.01653933403531863      3.1369630600721585
5                        0.0012727272727272728    0.016563654795522728     3.1372041599964615
5                        0.0013333333333333335    0.016587975555726837     3.137445259920764
5                        0.001393939393939394     0.01660634507349148      3.137623448398106
5                        0.0014545454545454547    0.01662065372725932      3.137758708893174
5                        0.0015151515151515154    0.016634962381027164     3.137893969388242
5                        0.0015757575757575758    0.016649271034795        3.13802922988331
5                        0.0016363636363636365    0.01666357968856284      3.138164490378378
5                        0.0016969696969696972    0.016677888342330686     3.138299750873446
5                        0.0017575757575757577    0.016692196996098533     3.1384350113685144
5                        0.0018181818181818184    0.016706505649866372     3.1385702718635824
5                        0.0018787878787878789    0.016720814303634222     3.1387055323586504
5                        0.0019393939393939396    0.016735122957402065     3.1388407928537183
5                        0.002                    0.01674482115468959      3.138926213050986
5                        0.002060606060606061     0.01675375622820669      3.1390033836712017
5                        0.0021212121212121214    0.0167626913017238       3.1390805542914175
5                        0.002181818181818182     0.0167716263752409       3.1391577249116334
5                        0.002242424242424243     0.016780561448757995     3.1392348955318488
5                        0.0023030303030303033    0.016789496522275092     3.1393120661520646
5                        0.0023636363636363638    0.016798431595792196     3.1393892367722804
5                        0.0024242424242424242    0.0168073666693093       3.1394664073924963
5                        0.002484848484848485     0.016816301742826396     3.139543578012712
5                        0.0025454545454545456    0.016825099214318247     3.139619296541504
5                        0.002606060606060606     0.01683290238798252      3.139684522409699
5                        0.002666666666666667     0.01684070556164678      3.139749748277894
5                        0.0027272727272727275    0.01684744464240815      3.1398044027000838
5                        0.002787878787878788     0.016853602058733264     3.139853278459372
5                        0.002848484848484849     0.016859759475058366     3.1399021542186607
5                        0.0029090909090909093    0.016865916891383476     3.139951029977949
5                        0.00296969696969697      0.01687207430770859      3.1399999057372376
5                        0.0030303030303030307    0.01289545856691855      2.2432463759350676
5                        0.003090909090909091     0.007792290365136274     1.1755980221545719
5                        0.0031515151515151517    0.004884012381975155     0.6153390871764314
5                        0.0032121212121212126    0.0032733490586719883    0.3335543478575988
5                        0.003272727272727273     0.0023375238404338473    0.18572214025802414
5                        0.0033333333333333335    0.0017672875167184323    0.10594420500127871
5                        0.0033939393939393945    0.0014065335406312418    0.06268093226252905
5                        0.003454545454545455     0.0011672194653229878    0.03883796402374935
5                        0.0035151515151515154    9.994996604784612E-4     0.025252356429126738
5                        0.003575757575757576     8.767608417592279E-4     0.017411373367911983
5                        0.003636363636363637     7.830264204231425E-4     0.012786626649325063
5                        0.0036969696969696973    7.081536170747589E-4     0.009883559067247947
5                        0.0037575757575757577    6.46577885047453E-4      0.007997179919188824
5                        0.0038181818181818187    5.947639471578206E-4     0.006737110550334394
5                        0.003878787878787879     5.500655390924824E-4     0.005826292899246757
5                        0.00393939393939394      5.108625967459827E-4     0.005128016693165255
5                        0.004                    4.760866989439456E-4     0.004572976137062918
5                        0.0040606060606060606    4.4496274495884464E-4    0.0041198328341725725
5                        0.004121212121212122     4.169295538014332E-4     0.0037436215962803124
5                        0.004181818181818182     3.9155698883298917E-4    0.003427033747283471
5                        0.004242424242424243     3.684649198217965E-4     0.0031555622647788106
5                        0.004303030303030303     3.472975242725988E-4     0.0029160733107654207
5                        0.004363636363636364     3.2786961515205175E-4    0.0027049712845549608
5                        0.004424242424242424     3.099422638338481E-4     0.0025151680380802303
5                        0.004484848484848486     2.9337027472990077E-4    0.0023443909616295685
5                        0.004545454545454546     2.780264987008106E-4     0.00219028986786417
5                        0.004606060606060607     2.637715315980221E-4     0.0020501341311137
5                        0.004666666666666667     2.5051755567560174E-4    0.0019226362889920151
5                        0.0047272727272727275    2.381744095532301E-4     0.0018062567528403185
5                        0.004787878787878788     2.2667741852647975E-4    0.0017000430468569864
5                        0.0048484848484848485    2.1593827174468875E-4    0.0016025531486011156
5                        0.00490909090909091      2.058884645610816E-4     0.0015127522230616438
5                        0.00496969696969697      1.96479455075328E-4      0.0014300141750325924
5                        0.005030303030303031     1.8762783959700086E-4    0.0013529991096648244
5                        0.005090909090909091     1.7926961016099516E-4    0.0012807586293909904
5                        0.005151515151515152     1.714414054033025E-4     0.0012143209695869076
5                        0.005212121212121212     1.6405040023010974E-4    0.0011521717832610914
5                        0.0052727272727272735    1.570468910573179E-4     0.0010936436014659422
5                        0.005333333333333334     1.504446519819946E-4     0.0010391611872823702
5                        0.0053939393939393945    1.4420588368229596E-4    9.882619030715412E-4
5                        0.005454545454545455     1.3828618293449535E-4    9.403694808127749E-4
5                        0.0055151515151515155    1.3267394266146723E-4    8.953973017785885E-4
5                        0.005575757575757576     1.273637458126569E-4     8.533444682711924E-4
5                        0.005636363636363637     1.2231789999172528E-4    8.1376312556559E-4
5                        0.005696969696969698     1.1751759956154622E-4    7.764534259740861E-4
5                        0.005757575757575758     1.1296613346250376E-4    7.414647910225097E-4
5                        0.005818181818181819     1.0863403092548047E-4    7.084770498777099E-4
5                        0.005878787878787879     1.0450325628444518E-4    6.772990416028134E-4
5                        0.00593939393939394      1.0057065180276421E-4    6.478995972337629E-4
5                        0.006                    9.682081120286443E-5     6.201158313440374E-4
6                        0                        2.1173921952098838E-6    3.9062174899974375E-4
6                        6.060606060606061E-5     0.00796128947078031      1.468718371780523
6                        1.2121212121212122E-4    0.012177229359658218     2.246485389528521
6                        1.8181818181818183E-4    0.014385223910231877     2.6538216851274985
6                        2.4242424242424245E-4    0.015580343222467014     2.874300251670239
6                        3.0303030303030303E-4    0.016233562834286445     2.9948078212301388
6                        3.6363636363636367E-4    0.016594432625512287     3.061381972834506
6                        4.242424242424243E-4     0.016797618337261795     3.0988661754658837
6                        4.848484848484849E-4     0.016911909416603997     3.1199508764526582
6                        5.454545454545455E-4     0.016969416921075037     3.1305600031075564
6                        6.060606060606061E-4     0.016991232908426822     3.1345846704104803
6                        6.666666666666668E-4     0.01699527779286054      3.135330880694817
6                        7.272727272727273E-4     0.01700277541497428      3.1367140605657755
6                        7.878787878787879E-4     0.017002839441572458     3.1367258723509432
6                        8.484848484848486E-4     0.016999474152717617     3.136105035539833
6                        9.090909090909092E-4     0.016998131973427415     3.1358574269848543
6                        9.696969696969698E-4     0.017000088941590587     3.1362184533116566
6                        0.0010303030303030305    0.017003508896961218     3.1368493751368147
6                        0.001090909090909091     0.017008391839539297     3.137750192460329
6                        0.0011515151515151516    0.017014737769324845     3.1389209052821987
6                        0.0012121212121212121    0.01701980943973959      3.139856539583789
6                        0.0012727272727272728    0.017020378459291653     3.139961513718079
6                        0.0013333333333333335    0.017020947478843723     3.1400664878523687
6                        0.001393939393939394     0.017021516498395797     3.1401714619866588
6                        0.0014545454545454547    0.017022085517947864     3.1402764361209483
6                        0.0015151515151515154    0.01702265453749994      3.140381410255238
6                        0.0015757575757575758    0.017023223557052002     3.140486384389528
6                        0.0016363636363636365    0.017023792576604073     3.1405913585238174
6                        0.0016969696969696972    0.017024361596156147     3.1406963326581074
6                        0.0017575757575757577    0.017024930615708214     3.140801306792397
6                        0.0018181818181818184    0.01702527662440248      3.140865139332081
6                        0.0018787878787878789    0.01702535545081732      3.1408796814240465
6                        0.0019393939393939396    0.01702543427723216      3.1408942235160127
6                        0.002                    0.017025513103646993     3.1409087656079784
6                        0.002060606060606061     0.01702559193006183      3.1409233076999445
6                        0.0021212121212121214    0.017025670756476666     3.1409378497919103
6                        0.002181818181818182     0.0170257495828915       3.140952391883876
6                        0.002242424242424243     0.01702582840930634      3.140966933975842
6                        0.0023030303030303033    0.01702590723572117      3.140981476067808
6                        0.0023636363636363638    0.01702598606213601      3.140996018159774
6                        0.0024242424242424242    0.017026027204146033     3.141003608139537
6                        0.002484848484848485     0.01702603812398816      3.14100562265902
6                        0.0025454545454545456    0.017026049043830285     3.141007637178503
6                        0.002606060606060606     0.017026059963672416     3.141009651697986
6                        0.002666666666666667     0.01702607088351454      3.1410116662174694
6                        0.0027272727272727275    0.017026081803356668     3.141013680736952
6                        0.002787878787878788     0.0170260927231988       3.1410156952564354
6                        0.002848484848484849     0.017026103643040927     3.141017709775918
6                        0.0029090909090909093    0.017026114562883058     3.1410197242954014
6                        0.00296969696969697      0.017026125482725186     3.1410217388148847
6                        0.0030303030303030307    0.012597085641776399     2.3239415148606883
6                        0.003090909090909091     0.0067316481815758505    1.241871105545212
6                        0.0031515151515151517    0.003593515010558672     0.6629405367871013
6                        0.0032121212121212126    0.0019426102168387453    0.3583775373513664
6                        0.003272727272727273     0.001053130732881893     0.19428416225125913
6                        0.0033333333333333335    5.689400541788847E-4     0.10495946832246428
6                        0.0033939393939393945    3.07322175007428E-4      0.05669555492807854
6                        0.003454545454545455     1.650589015132944E-4     0.03045047438210116
6                        0.0035151515151515154    8.750014096465408E-5     0.016142242414353112
6                        0.003575757575757576     4.624915270339989E-5     0.008532158076160081
6                        0.003636363636363637     2.4584298510233385E-5    0.004535372192135235
6                        0.0036969696969696973    1.3079002114709273E-5    0.0024128466576842952
6                        0.0037575757575757577    6.983104259817333E-6     0.0012882603447714927
6                        0.0038181818181818187    3.7394968065193972E-6    6.898716195549491E-4
6                        0.003878787878787879     1.950623779907055E-6     3.598558992853921E-4
6                        0.00393939393939394      1.0220311203404617E-6    1.8854682881271447E-4
6                        0.004                    5.552567254738419E-7     1.0243513400073659E-4
6                        0.0040606060606060606    2.949137822251107E-7     5.440642393861681E-5
6                        0.004121212121212122     1.5351198132046342E-7    2.8320269986566744E-5
6                        0.004181818181818182     8.208934707529708E-8     1.5144045775433178E-5
6                        0.004242424242424243     4.4658146235038675E-8    8.238645267929395E-6
6                        0.004303030303030303     2.418790602461718E-8     4.462244726013535E-6
6                        0.004363636363636364     1.2799456679619574E-8    2.3612754244354786E-6
6                        0.004424242424242424     6.749856325844526E-9     1.245230189032326E-6
6                        0.004484848484848486     3.5965561059951162E-9    6.635015655957434E-7
6                        0.004545454545454546     1.9129988016813244E-9    3.5291475024542883E-7
6                        0.004606060606060607     1.018513154596917E-9     1.8789782579647726E-7
6                        0.004666666666666667     5.500295942496106E-10    1.0147081989899637E-7
6                        0.0047272727272727275    2.9398098107347465E-10   5.423433848427288E-8
6                        0.004787878787878788     1.5459567833519262E-10   2.8520193083828513E-8
6                        0.0048484848484848485    8.168926713320793E-11    1.507023804701148E-8
6                        0.00490909090909091      4.352918561698319E-11    8.030371801274708E-9
6                        0.00496969696969697      2.313811190242148E-11    4.268576125294096E-9
6                        0.005030303030303031     1.2317008784789382E-11   2.2722722450491937E-9
6                        0.005090909090909091     6.697060488055536E-12    1.2354902941920201E-9
6                        0.005151515151515152     3.6211972851495207E-12   6.680474302750297E-10
6                        0.005212121212121212     1.8957773469966315E-12   3.49737692137691E-10
6                        0.0052727272727272735    9.936414779547762E-13    1.8330943781439084E-10
6                        0.005333333333333334     5.335677056500121E-13    9.843388951516322E-11
6                        0.0053939393939393945    2.846822521179352E-13    5.25188861407657E-11
6                        0.005454545454545455     1.4863012830572944E-13   2.7419653357606936E-11
6                        0.0055151515151515155    7.851304456106109E-14    1.4484280632057393E-11
6                        0.005575757575757576     4.223368707397772E-14    7.791375095908846E-12
6                        0.005636363636363637     2.2401130855665193E-14   4.132615994777102E-12
6                        0.005696969696969698     1.1683722191075303E-14   2.1554419721590416E-12
6                        0.005757575757575758     6.1718538787967706E-15   1.1385988684783075E-12
6                        0.005818181818181819     3.3406843381091924E-15   6.162977071240817E-13
6                        0.005878787878787879     1.8225548478632045E-15   3.3622942635451405E-13
6                        0.00593939393939394      9.855342949746686E-16    1.8181380430356476E-13
6                        0.006                    5.256945329766309E-16    9.698142756497561E-14
