% Model:              FEA_voltage_excitation.mph
% Version:            COMSOL 6.0.0.318
% Date:               Jul 31 2022, 14:34
% Table:              Table 1 - Point Evaluation 1
% Switch 1 index         Time (s)                 Magnetic flux density, z component (T), Point: 5Coil current (A), Point: 5
1                        0                        1.4633499311251923E-6    3.544171960100751E-4
1                        5.050505050505051E-5     0.00789662018290798      1.2274391998455212
1                        1.0101010101010102E-4    0.012866531822146374     1.971634001495082
1                        1.5151515151515154E-4    0.01591703910217601      2.4223716124911645
1                        2.0202020202020205E-4    0.017769161928750325     2.6931001342844767
1                        2.525252525252526E-4     0.018906549400839488     2.857777076564608
1                        3.030303030303031E-4     0.019619518164850157     2.9599640185879
1                        3.535353535353536E-4     0.020078447960342156     3.0250380864315054
1                        4.040404040404041E-4     0.020377038871528586     3.0668115806596377
1                        4.545454545454546E-4     0.020571506965193345     3.093547767402747
1                        5.050505050505052E-4     0.020699853463242424     3.110821439033294
1                        5.555555555555557E-4     0.020784534136696224     3.121911797870397
1                        6.060606060606062E-4     0.020839945796476828     3.128907286054738
1                        6.565656565656567E-4     0.020875974851305386     3.1332324444151514
1                        7.070707070707072E-4     0.02089968249269153      3.13589822604466
1                        7.575757575757577E-4     0.020915764295652988     3.1375707070479653
1                        8.080808080808082E-4     0.020927069884744465     3.138647990765151
1                        8.585858585858587E-4     0.020935177847850296     3.139344712481757
1                        9.090909090909092E-4     0.02094110326660822      3.1397957237722127
1                        9.595959595959597E-4     0.020945553697768238     3.1400931122238713
1                        0.0010101010101010103    0.020949064824389112     3.140305614343383
1                        0.0010606060606060607    0.020951891756327622     3.140462472859287
1                        0.0011111111111111113    0.020954183654696736     3.1405786696333915
1                        0.0011616161616161617    0.02095604533166227      3.1406638209380384
1                        0.0012121212121212123    0.020957572034628218     3.140727102426142
1                        0.0012626262626262627    0.020958841911809044     3.1407759476238466
1                        0.0013131313131313133    0.020959911524335323     3.1408152153709468
1                        0.0013636363636363637    0.020960818918498048     3.1408475713849153
1                        0.0014141414141414144    0.020961589586685963     3.1408742673148673
1                        0.0014646464646464648    0.02096224487587072      3.1408963372747984
1                        0.0015151515151515154    0.020962803734665487     3.1409147637562884
1                        0.0015656565656565658    0.020963282476742756     3.1409304345766498
1                        0.0016161616161616164    0.020963693526273208     3.1409438835261794
1                        0.001666666666666667     0.02096404646620076      3.140955401970665
1                        0.0017171717171717174    0.020964349220665115     3.140965204907113
1                        0.001767676767676768     0.020964608978874463     3.140973562590087
1                        0.0018181818181818184    0.020964832253212218     3.1409807319452905
1                        0.001868686868686869     0.02096502453332836      3.1409869121898
1                        0.0019191919191919194    0.020965190104678406     3.1409922486583866
1                        0.00196969696969697      0.020965332574894743     3.1409968450259265
1                        0.0020202020202020206    0.02096545524956484      3.1410007819337595
1                        0.002070707070707071     0.020965560896328082     3.1410041673704363
1                        0.0021212121212121214    0.020965651865853904     3.141007102840269
1                        0.002171717171717172     0.02096573039443067      3.1410096307289854
1                        0.0022222222222222227    0.020965798191895868     3.141011801753568
1                        0.002272727272727273     0.020965856461746216     3.1410136962214534
1                        0.0023232323232323234    0.02096590673597843      3.141015326372539
1                        0.002373737373737374     0.020965950302273995     3.1410167101904953
1                        0.0024242424242424247    0.020965987793800878     3.1410179206931037
1                        0.002474747474747475     0.020966020082562924     3.1410189768291317
1                        0.0025252525252525255    0.020966048077090155     3.1410198729814094
1                        0.0025757575757575763    0.020966072228437577     3.1410206493511503
1                        0.0026262626262626267    0.02096609300278779      3.141021330934596
1                        0.002676767676767677     0.020966111007382687     3.1410219118288074
1                        0.0027272727272727275    0.020966126587659145     3.141022410354742
1                        0.0027777777777777783    0.02096613998760094      3.1410228495787162
1                        0.0028282828282828287    0.020966151582374318     3.141023227353848
1                        0.002878787878787879     0.020966161641407795     3.1410235488368596
1                        0.0029292929292929295    0.020966170302462686     3.141023831264342
1                        0.0029797979797979803    0.020966177785383545     3.1410240761387787
1                        0.0030303030303030307    0.016237395644499192     2.3967487683121873
1                        0.003080808080808081     0.010397194090207838     1.514455000226049
1                        0.0031313131313131315    0.006608996633608501     0.950179200619962
1                        0.0031818181818181824    0.0041186090095671184    0.5827851480599693
1                        0.0032323232323232328    0.002564056464583        0.35579699358642547
1                        0.003282828282828283     0.0016124224037355724    0.2184273040695427
1                        0.003333333333333334     0.0010358497181085081    0.13631865199027354
1                        0.0033838383838383844    6.767625262855021E-4     0.08593372297778319
1                        0.0034343434343434348    4.48054222750242E-4      0.054386954246332456
1                        0.003484848484848485     3.0100137249291755E-4    0.03453458258970902
1                        0.003535353535353536     2.055982393907812E-4     0.02200176772987099
1                        0.0035858585858585864    1.43160130995026E-4      0.014079381719387815
1                        0.003636363636363637     1.0189545335712052E-4    0.00906992192058169
1                        0.003686868686868687     7.471816463804466E-5     0.005964045979431683
1                        0.003737373737373738     5.6451593740759505E-5    0.004028075079467221
1                        0.0037878787878787884    4.363708279235953E-5     0.0027766100017219287
1                        0.003838383838383839     3.4365362933699546E-5    0.0019483995544172484
1                        0.003888888888888889     2.7584722007399152E-5    0.001404877217929797
1                        0.00393939393939394      2.252966287065251E-5     0.0010466100125237957
1                        0.0039898989898989904    1.8618297419831483E-5    7.988691135784822E-4
1                        0.004040404040404041     1.5513566185989862E-5    6.211498420110135E-4
1                        0.004090909090909091     1.3023020370826822E-5    4.92657630349537E-4
1                        0.004141414141414142     1.1007095443775345E-5    3.9913845090037915E-4
1                        0.004191919191919193     9.346956413481674E-6     3.2838771254236953E-4
1                        0.004242424242424243     7.96025843204978E-6      2.727332028347746E-4
1                        0.004292929292929294     6.795300195534174E-6     2.2830783855638874E-4
1                        0.004343434343434344     5.813297015486078E-6     1.9255371534454818E-4
1                        0.0043939393939393945    4.982748171298779E-6     1.6348886164324934E-4
1                        0.004444444444444445     4.276101363654633E-6     1.3941075798387624E-4
1                        0.004494949494949495     3.67231433038775E-6      1.1916005202041626E-4
1                        0.004545454545454546     3.155718055573538E-6     1.0203147029576145E-4
1                        0.004595959595959597     2.7136404440027917E-6    8.753045340512139E-5
1                        0.004646464646464647     2.335338319629142E-6     7.524121734879739E-5
1                        0.004696969696969698     2.0110020934693102E-6    6.476757485434175E-5
1                        0.004747474747474748     1.7323021300634307E-6    5.578429378523107E-5
1                        0.0047979797979797985    1.4925739695362432E-6    4.8061363152648584E-5
1                        0.004848484848484849     1.2864297683392493E-6    4.143061700703542E-5
1                        0.004898989898989899     1.1091979364385052E-6    3.573913738661438E-5
1                        0.00494949494949495      9.566476706824161E-7     3.083958971034421E-5
1                        0.005000000000000001     8.251801678313231E-7     2.6614429208025352E-5
2                        0                        1.463368453253667E-6     3.5441584210314304E-4
2                        5.050505050505051E-5     0.007966135424077363     1.2226467701163242
2                        1.0101010101010102E-4    0.012958623012535798     1.9676517852429891
2                        1.5151515151515154E-4    0.016018624257558338     2.4197992006629754
2                        2.0202020202020205E-4    0.017875091960719007     2.691944750934136
2                        2.525252525252526E-4     0.019011609729476603     2.857322798286809
2                        3.030303030303031E-4     0.01972318497525055      2.9600726657414946
2                        3.535353535353536E-4     0.020179268530280278     3.0253684463363633
2                        4.040404040404041E-4     0.02047491305230959      3.0672446310943835
2                        4.545454545454546E-4     0.020666654062278973     3.094024355374445
2                        5.050505050505052E-4     0.02079258816143667      3.1113067849050244
2                        5.555555555555557E-4     0.020875175972139663     3.1223809127018316
2                        6.060606060606062E-4     0.0209287063608488       3.129328327535951
2                        6.565656565656567E-4     0.020963106097547875     3.1335882888110125
2                        7.070707070707072E-4     0.02098548727106263      3.1361873060472316
2                        7.575757575757577E-4     0.02100055861787406      3.137800674574016
2                        8.080808080808082E-4     0.02101113335462699      3.1388275162242425
2                        8.585858585858587E-4     0.021018741152132675     3.13948071058504
2                        9.090909090909092E-4     0.02102435525561586      3.1398935224513513
2                        9.595959595959597E-4     0.02102865391607575      3.1401577129139895
2                        0.0010101010101010103    0.021032152180126662     3.1403425126993665
2                        0.0010606060606060607    0.02103507740485026      3.14047610601678
2                        0.0011111111111111113    0.021037557740759445     3.14057300141964
2                        0.0011616161616161617    0.021039678744753113     3.140642238515375
2                        0.0012121212121212123    0.02104152017953749      3.1406926065271246
2                        0.0012626262626262627    0.021043147000163895     3.140731171492042
2                        0.0013131313131313133    0.02104460442472585      3.1407624587741205
2                        0.0013636363636363637    0.021045920768213537     3.1407888231517336
2                        0.0014141414141414144    0.02104711315363938      3.140811199923524
2                        0.0014646464646464648    0.021048196189846127     3.1408303608360804
2                        0.0015151515151515154    0.021049183233774492     3.1408470603862457
2                        0.0015656565656565658    0.021050086190748885     3.1408619983234685
2                        0.0016161616161616164    0.021050913920999323     3.14087552694387
2                        0.001666666666666667     0.021051673168983973     3.140887785768034
2                        0.0017171717171717174    0.021052369630031896     3.1408988580384185
2                        0.001767676767676768     0.021053008962282856     3.140908893321379
2                        0.0018181818181818184    0.021053596570853688     3.1409180507747143
2                        0.001868686868686869     0.021054137133512507     3.1409264629769518
2                        0.0019191919191919194    0.021054634528172377     3.140934203481863
2                        0.00196969696969697      0.021055092284344247     3.1409413034582347
2                        0.0020202020202020206    0.02105551365766361      3.1409478078493054
2                        0.002070707070707071     0.02105590157401314      3.1409537977443485
2                        0.0021212121212121214    0.0210562588790286       3.1409593219335603
2                        0.002171717171717172     0.021056588234568813     3.1409643974535104
2                        0.0022222222222222227    0.021056891690681107     3.1409690828290975
2                        0.002272727272727273     0.02105717116661681      3.1409734255057478
2                        0.0023232323232323234    0.021057428941552214     3.140977400760124
2                        0.002373737373737374     0.021057666733560278     3.140981047453775
2                        0.0024242424242424247    0.021057885663517455     3.1409844632838584
2                        0.002474747474747475     0.02105808761534648      3.140987605664854
2                        0.0025252525252525255    0.021058274082187977     3.140990475176671
2                        0.0025757575757575763    0.021058445935726068     3.140993144934355
2                        0.0026262626262626267    0.021058604369550225     3.140995622307847
2                        0.002676767676767677     0.02105875068387699      3.140997887732163
2                        0.0027272727272727275    0.021058885678675726     3.1409999816018437
2                        0.0027777777777777783    0.021059010132644343     3.1410019315218354
2                        0.0028282828282828287    0.02105912504123484      3.141003723371096
2                        0.002878787878787879     0.021059231147161975     3.141005371345255
2                        0.0029292929292929295    0.021059329010142444     3.1410069045311966
2                        0.0029797979797979803    0.021059419351823955     3.141008319364402
2                        0.0030303030303030307    0.016024442890536596     2.361870537912533
2                        0.003080808080808081     0.010249840308516738     1.4948568174867753
2                        0.0031313131313131315    0.00649942709511072      0.9374645673372489
2                        0.0031818181818181824    0.004041674957455202     0.5748023755943715
2                        0.0032323232323232328    0.0025104531412972935    0.350596873873578
2                        0.003282828282828283     0.001575352040919807     0.2148680540190691
2                        0.003333333333333334     0.00101074664275725      0.13377339331503685
2                        0.0033838383838383844    6.605685895779877E-4     0.08406342767263174
2                        0.0034343434343434348    4.385926541231981E-4     0.052984843560538786
2                        0.003484848484848485     2.966949676504483E-4     0.033467355378276664
2                        0.003535353535353536     2.0525024498468938E-4    0.021177318901719037
2                        0.0035858585858585864    1.4586946221274328E-4    0.013436504474787116
2                        0.003636363636363637     1.0696265045180773E-4    0.008566130261018243
2                        0.003686868686868687     8.158850676226673E-5     0.005568803819399949
2                        0.003737373737373738     6.468229857638085E-5     0.003719247664751213
2                        0.0037878787878787884    5.287456550050948E-5     0.0025382491003262866
2                        0.003838383838383839     4.432094034404084E-5     0.0017681866290419844
2                        0.003888888888888889     3.8018397534432145E-5    0.001272601600030521
2                        0.00393939393939394      3.324469728152446E-5     9.540557300013804E-4
2                        0.0039898989898989904    2.9454836072194522E-5    7.394395172097427E-4
2                        0.004040404040404041     2.634062122616679E-5     5.891950540126027E-4
2                        0.004090909090909091     2.3734273392967553E-5    4.8332433285027803E-4
2                        0.004141414141414142     2.1517741274061594E-5    4.0830801536806014E-4
2                        0.004191919191919193     1.9590696947503304E-5    3.5258226064584583E-4
2                        0.004242424242424243     1.7886163524409397E-5    3.089700788297149E-4
2                        0.004292929292929294     1.636521582378904E-5     2.740029887639838E-4
2                        0.004343434343434344     1.499994137372247E-5     2.454960430185241E-4
2                        0.0043939393939393945    1.376797249446347E-5     2.2180307981395508E-4
2                        0.004444444444444445     1.2649691819258643E-5    2.0152330602784489E-4
2                        0.004494949494949495     1.16303406159365E-5      1.8375214485079363E-4
2                        0.004545454545454546     1.0699171041772778E-5    1.6800029411428917E-4
2                        0.004595959595959597     9.847485536792723E-6     1.5396213797515818E-4
2                        0.004646464646464647     9.067662895381968E-6     1.413852424705538E-4
2                        0.004696969696969698     8.352536010023648E-6     1.3002136319088798E-4
2                        0.004747474747474748     7.695816274436898E-6     1.1967268523087405E-4
2                        0.0047979797979797985    7.0922662128740225E-6    1.1021503081231621E-4
2                        0.004848484848484849     6.537416344282567E-6     1.0156765130499511E-4
2                        0.004898989898989899     6.027168584754079E-6     9.365142227049303E-5
2                        0.00494949494949495      5.557656794409566E-6     8.638327795784934E-5
2                        0.005000000000000001     5.125414093740967E-6     7.9699818008387E-5
3                        0                        1.4633777511950633E-6    3.5441516234666336E-4
3                        5.050505050505051E-5     0.008012861678229418     1.2181460160758046
3                        1.0101010101010102E-4    0.01302275436015283      1.964506270271779
3                        1.5151515151515154E-4    0.016090638299296786     2.418262954064753
3                        2.0202020202020205E-4    0.017947691085409577     2.6912900562805047
3                        2.525252525252526E-4     0.01908370805783384      2.857413416040741
3                        3.030303030303031E-4     0.019791882224648772     2.9603679677538364
3                        3.535353535353536E-4     0.020244914473155247     3.025811143767411
3                        4.040404040404041E-4     0.020537483294362443     3.0677307416172863
3                        4.545454545454546E-4     0.020726285886044978     3.094491123145038
3                        5.050505050505052E-4     0.02084955966666472      3.111726607005951
3                        5.555555555555557E-4     0.020929892882695394     3.1227563131273857
3                        6.060606060606062E-4     0.020981538001477687     3.1296660962149403
3                        6.565656565656567E-4     0.02101432907082945      3.133890032126482
3                        7.070707070707072E-4     0.02103531363983911      3.1364525989017014
3                        7.575757575757577E-4     0.02104917368250768      3.138031198603072
3                        8.080808080808082E-4     0.02105870857197189      3.1390275334868143
3                        8.585858585858587E-4     0.021065429296086763     3.1396552475229074
3                        9.090909090909092E-4     0.02107027971715963      3.140046079067203
3                        9.595959595959597E-4     0.02107391713640614      3.140290904942548
3                        0.0010101010101010103    0.02107684069182794      3.1404583505981005
3                        0.0010606060606060607    0.021079272342398786     3.140577159995449
3                        0.0011111111111111113    0.021081329296496178     3.140661346560617
3                        0.0011616161616161617    0.02108308801155105      3.1407195018480905
3                        0.0012121212121212123    0.021084620226015365     3.1407599810946527
3                        0.0012626262626262627    0.021085984958908843     3.140789629042303
3                        0.0013131313131313133    0.02108722275522216      3.1408128553269323
3                        0.0013636363636363637    0.02108835799712736      3.1408319332629375
3                        0.0014141414141414144    0.021089404193198        3.140847715742341
3                        0.0014646464646464648    0.021090372494042636     3.140860874008965
3                        0.0015151515151515154    0.021091273231597072     3.1408720889126633
3                        0.0015656565656565658    0.02109211567677324      3.140882007987049
3                        0.0016161616161616164    0.021092906330768005     3.140890956671665
3                        0.001666666666666667     0.021093649724223115     3.1408990458416954
3                        0.0017171717171717174    0.021094349497051433     3.1409063223884472
3                        0.001767676767676768     0.021095009369042607     3.1409129038884993
3                        0.0018181818181818184    0.021095632932360595     3.1409189297570355
3                        0.001868686868686869     0.021096223260453472     3.1409245090690607
3                        0.0019191919191919194    0.021096782761790188     3.1409296919702157
3                        0.00196969696969697      0.021097313493409854     3.1409344999549607
3                        0.0020202020202020206    0.021097817373922495     3.1409389610587763
3                        0.002070707070707071     0.021098296222943222     3.1409431228471933
3                        0.0021212121212121214    0.02109875173430224      3.140947024935168
3                        0.002171717171717172     0.021099185404126072     3.1409506899864734
3                        0.0022222222222222227    0.021099598487340464     3.1409541393235303
3                        0.002272727272727273     0.021099992155891777     3.140957389877495
3                        0.0023232323232323234    0.0211003675842283       3.140960449564768
3                        0.002373737373737374     0.021100725784799212     3.1409633403819632
3                        0.0024242424242424247    0.02110106765970102      3.140966084958174
3                        0.002474747474747475     0.02110139413738374      3.1409686842372153
3                        0.0025252525252525255    0.02110170603114838      3.1409711468006507
3                        0.0025757575757575763    0.021102004041971448     3.140973489312278
3                        0.0026262626262626267    0.021102288890002062     3.140975716837886
3                        0.002676767676767677     0.021102561258517352     3.140977833456396
3                        0.0027272727272727275    0.02110282173663714      3.1409798505658575
3                        0.0027777777777777783    0.02110307089426864      3.1409817745940236
3                        0.0028282828282828287    0.021103309293338215     3.1409836077919286
3                        0.002878787878787879     0.021103537436165706     3.1409853569797828
3                        0.0029292929292929295    0.021103755790681265     3.1409870284112498
3                        0.0029797979797979803    0.02110396482117663      3.140988624324388
3                        0.0030303030303030307    0.016352215969428704     2.413126249198367
3                        0.003080808080808081     0.010447359506524171     1.52946010454359
3                        0.0031313131313131315    0.006623110420823038     0.9613399223749273
3                        0.0031818181818181824    0.0041101345166389604    0.5899615202041912
3                        0.0032323232323232328    0.0025502709788471616    0.36074867145670436
3                        0.003282828282828283     0.0016080378171438843    0.22321073200187244
3                        0.003333333333333334     0.0010306620940518777    0.13952540028820337
3                        0.0033838383838383844    6.665840465185778E-4     0.08716315114811368
3                        0.0034343434343434348    4.364080838956942E-4     0.05439117680425145
3                        0.003484848484848485     2.9146143152023157E-4    0.034033574241750936
3                        0.003535353535353536     1.9959978761602552E-4    0.02136033357611839
3                        0.0035858585858585864    1.4069662936767375E-4    0.013421487047376274
3                        0.003636363636363637     1.027237353594422E-4     0.008463474769528941
3                        0.003686868686868687     7.845749039918328E-5     0.005439284911344596
3                        0.003737373737373738     6.26564417004441E-5      0.0035903921303307314
3                        0.0037878787878787884    5.1767701379362976E-5    0.0024049532935530565
3                        0.003838383838383839     4.396011909285847E-5     0.001623640802693397
3                        0.003888888888888889     3.838348685333144E-5     0.001129828365166514
3                        0.00393939393939394      3.4280252529712816E-5    8.182633179399056E-4
3                        0.0039898989898989904    3.111409139647638E-5     6.152366341683601E-4
3                        0.004040404040404041     2.8550034813971997E-5    4.758814752960181E-4
3                        0.004090909090909091     2.6424722366769198E-5    3.7964885437938615E-4
3                        0.004141414141414142     2.4636054615852754E-5    3.1431001253088317E-4
3                        0.004191919191919193     2.309455087344852E-5     2.6907673427898677E-4
3                        0.004242424242424243     2.1731015437836152E-5    2.3578884795312884E-4
3                        0.004292929292929294     2.0504664909997706E-5    2.1011401756346952E-4
3                        0.004343434343434344     1.9390844138822243E-5    1.8984862548268198E-4
3                        0.0043939393939393945    1.837170042555911E-5     1.7356932982928692E-4
3                        0.004444444444444445     1.743026462920596E-5     1.5982390425519873E-4
3                        0.004494949494949495     1.6555614833955758E-5    1.4790817362230532E-4
3                        0.004545454545454546     1.574068283559566E-5     1.3752470432287013E-4
3                        0.004595959595959597     1.4979871055441972E-5    1.2847959946980724E-4
3                        0.004646464646464647     1.4267629929301254E-5    1.2051933933707328E-4
3                        0.004696969696969698     1.3598661484290773E-5    1.1337674260877267E-4
3                        0.004747474747474748     1.2968692915060938E-5    1.0687130048049559E-4
3                        0.0047979797979797985    1.237436526812697E-5     1.009141708577393E-4
3                        0.004848484848484849     1.1812956411400365E-5    9.5463662755645E-5
3                        0.004898989898989899     1.1281936389527802E-5    9.045563793399236E-5
3                        0.00494949494949495      1.07788320449828E-5      8.581393864914013E-5
3                        0.005000000000000001     1.03016195629339E-5      8.149459863896044E-5
4                        0                        1.4633833418208362E-6    3.544147535910534E-4
4                        5.050505050505051E-5     0.008064066879746493     1.2153886482910472
4                        1.0101010101010102E-4    0.013087574961625683     1.9625650997032063
4                        1.5151515151515154E-4    0.016152833093991355     2.4165417589585814
4                        2.0202020202020205E-4    0.018009548412811993     2.6905100731801443
4                        2.525252525252526E-4     0.0191410008547784       2.856835202486889
4                        3.030303030303031E-4     0.01984731505362273      2.9602687283244755
4                        3.535353535353536E-4     0.020298008901953875     3.0259865689425363
4                        4.040404040404041E-4     0.020588034850837496     3.0680480553986773
4                        4.545454545454546E-4     0.020774465748515818     3.094890304270162
4                        5.050505050505052E-4     0.020895557261027778     3.112164011926051
4                        5.555555555555557E-4     0.020973729413706364     3.12317545156784
4                        6.060606060606062E-4     0.021023322119835423     3.1300345491343733
4                        6.565656565656567E-4     0.021054286194908484     3.1342020885231276
4                        7.070707070707072E-4     0.02107372443882037      3.1367182979154444
4                        7.575757575757577E-4     0.02108628360142942      3.1382614430558173
4                        8.080808080808082E-4     0.02109469708227998      3.139228297448116
4                        8.585858585858587E-4     0.021100428972219108     3.1398292990956684
4                        9.090909090909092E-4     0.021104413252555278     3.1401976548038517
4                        9.595959595959597E-4     0.021107293585066196     3.1404245514542124
4                        0.0010101010101010103    0.021109555720744976     3.1405785197168288
4                        0.0010606060606060607    0.021111392530608366     3.1406854444961882
4                        0.0011111111111111113    0.021112911770259285     3.14075910092818
4                        0.0011616161616161617    0.02111418256277075      3.140807947984312
4                        0.0012121212121212123    0.021115272100096324     3.1408404529990244
4                        0.0012626262626262627    0.021116233989305663     3.140863309343901
4                        0.0013131313131313133    0.021117103428258767     3.1408806787669548
4                        0.0013636363636363637    0.02111790017222296      3.140894602604619
4                        0.0014141414141414144    0.02111863397357038      3.1409057622566365
4                        0.0014646464646464648    0.02111931346003393      3.14091478369195
4                        0.0015151515151515154    0.021119946683475957     3.1409222919954125
4                        0.0015656565656565658    0.021120540935012307     3.1409288801491826
4                        0.0016161616161616164    0.021121100792202932     3.140934796134161
4                        0.001666666666666667     0.021121629212591246     3.1409401009750986
4                        0.0017171717171717174    0.021122128539663408     3.1409448084500755
4                        0.001767676767676768     0.021122601436929192     3.1409490168193615
4                        0.0018181818181818184    0.021123050507442623     3.1409528444607466
4                        0.001868686868686869     0.021123477925815988     3.1409563803871454
4                        0.0019191919191919194    0.021123885297273246     3.140959651084534
4                        0.00196969696969697      0.021124273977975627     3.140962659798488
4                        0.0020202020202020206    0.021124645265456987     3.1409654291118514
4                        0.002070707070707071     0.021125000438538533     3.1409680006396132
4                        0.0021212121212121214    0.02112534068789651      3.140970394527063
4                        0.002171717171717172     0.021125667025282784     3.140972626895377
4                        0.0022222222222222227    0.021125980269791712     3.140974727816159
4                        0.002272727272727273     0.021126281233494124     3.1409766940379518
4                        0.0023232323232323234    0.021126570727836087     3.1409785185171413
4                        0.002373737373737374     0.021126849392120513     3.140980242677015
4                        0.0024242424242424247    0.021127117854978394     3.1409818764386386
4                        0.002474747474747475     0.021127376748906145     3.1409834036906323
4                        0.0025252525252525255    0.021127626580567598     3.1409848460510053
4                        0.0025757575757575763    0.02112786781381252      3.1409862204397836
4                        0.0026262626262626267    0.02112810094117442      3.140987515070086
4                        0.002676767676767677     0.021128326382570187     3.1409887389625832
4                        0.0027272727272727275    0.02112854451562894      3.140989904122087
4                        0.0027777777777777783    0.021128755718159982     3.1409910104868803
4                        0.0028282828282828287    0.021128960328802862     3.1409920627010384
4                        0.002878787878787879     0.021129158665829942     3.1409930646514397
4                        0.0029292929292929295    0.021129351025603038     3.1409940196634283
4                        0.0029797979797979803    0.0211295376818168       3.140994930686128
4                        0.0030303030303030307    0.015634690285435758     2.309663572221924
4                        0.003080808080808081     0.009969011372410238     1.4653458641847474
4                        0.0031313131313131315    0.0062834498833051625    0.9182390532829262
4                        0.0031818181818181824    0.003879794308166895     0.5625588287920997
4                        0.0032323232323232328    0.002394078681628031     0.3435124178322983
4                        0.003282828282828283     0.0014951941799657455    0.21155285431472626
4                        0.003333333333333334     9.481477198577758E-4     0.1316396267718665
4                        0.0033838383838383844    6.075968101486766E-4     0.08216826726081751
4                        0.0034343434343434348    3.926858583372946E-4     0.05116085766331157
4                        0.003484848484848485     2.578241414548266E-4     0.03188359559453921
4                        0.003535353535353536     1.7275342881841404E-4    0.019873016295829955
4                        0.0035858585858585864    1.187293084075343E-4     0.012370615322881032
4                        0.003636363636363637     8.452972320707749E-5     0.0077304569348591885
4                        0.003686868686868687     6.309289542266101E-5     0.004920267589540144
4                        0.003737373737373738     4.9317152400075546E-5    0.003195379492276369
4                        0.0037878787878787884    3.9971353206206105E-5    0.0020861119350911554
4                        0.003838383838383839     3.3511507318731713E-5    0.0013710500679575118
4                        0.003888888888888889     2.906613849668666E-5     9.268554535877052E-4
4                        0.00393939393939394      2.589781404817758E-5     6.486932607356325E-4
4                        0.0039898989898989904    2.3526088641527222E-5    4.69071034923938E-4
4                        0.004040404040404041     2.1686823838020405E-5    3.5172645280087927E-4
4                        0.004090909090909091     2.020657819561587E-5     2.733591678567108E-4
4                        0.004141414141414142     1.8973367108061963E-5    2.1934689121850062E-4
4                        0.004191919191919193     1.7922678726607763E-5    1.816853074662227E-4
4                        0.004242424242424243     1.7009657219473944E-5    1.5502125254006777E-4
4                        0.004292929292929294     1.6200021548401465E-5    1.3539784281679746E-4
4                        0.004343434343434344     1.547116299063788E-5     1.2040197921628964E-4
4                        0.0043939393939393945    1.4807811954640746E-5    1.0857008585126425E-4
4                        0.004444444444444445     1.4199611011833662E-5    9.904382366250156E-5
4                        0.004494949494949495     1.3638107245057406E-5    9.11585227580377E-5
4                        0.004545454545454546     1.3116356707879981E-5    8.440020783114715E-5
4                        0.004595959595959597     1.262935470602039E-5     7.847501481056007E-5
4                        0.004646464646464647     1.2173674420054671E-5    7.326270659349032E-5
4                        0.004696969696969698     1.174627677086066E-5     6.865465136434076E-5
4                        0.004747474747474748     1.134429975233896E-5     6.453016923006306E-5
4                        0.0047979797979797985    1.0965304243642321E-5    6.0799576620384224E-5
4                        0.004848484848484849     1.0607306625941331E-5    5.7403255731435444E-5
4                        0.004898989898989899     1.0268507899811954E-5    5.4296856260592666E-5
4                        0.00494949494949495      9.947392393934587E-6     5.1449640268108654E-5
4                        0.005000000000000001     9.642613672221636E-6     4.8833523201725E-5
5                        0                        1.463385207344631E-6     3.5441461718849746E-4
5                        5.050505050505051E-5     0.008079928619733733     1.2125262422725331
5                        1.0101010101010102E-4    0.013112477151919887     1.9602758274288872
5                        1.5151515151515154E-4    0.016187633868078567     2.416045251040973
5                        2.0202020202020205E-4    0.018044356386439454     2.690556764456673
5                        2.525252525252526E-4     0.01917653273031575      2.8575293602855463
5                        3.030303030303031E-4     0.019879443872666845     2.960904993727711
5                        3.535353535353536E-4     0.020326969149504978     3.0265159522283303
5                        4.040404040404041E-4     0.02061431205943512      3.0684753919413468
5                        4.545454545454546E-4     0.020798387321062723     3.095212231207968
5                        5.050505050505052E-4     0.020917504514561244     3.1123961322362126
5                        5.555555555555557E-4     0.020994222405527244     3.123361269167452
5                        6.060606060606062E-4     0.02104273351863236      3.130201630743869
5                        6.565656565656567E-4     0.021072814231271976     3.1343574241593877
5                        7.070707070707072E-4     0.021091460077981773     3.1368577500798436
5                        7.575757575757577E-4     0.021103301791367657     3.138382312691007
5                        8.080808080808082E-4     0.021111088337922468     3.139332971898235
5                        8.585858585858587E-4     0.021116284829767722     3.139922315008393
5                        9.090909090909092E-4     0.021119796652180455     3.1402808470685573
5                        9.595959595959597E-4     0.021122250675297126     3.1404985244495105
5                        0.0010101010101010103    0.021124121536773774     3.1406432709296905
5                        0.0010606060606060607    0.021125610859425582     3.140743031619877
5                        0.0011111111111111113    0.021126819004151663     3.1408110959092572
5                        0.0011616161616161617    0.02112780874274455      3.140855470064801
5                        0.0012121212121212123    0.021128640774837275     3.1408840737574857
5                        0.0012626262626262627    0.021129365125648572     3.140903421402116
5                        0.0013131313131313133    0.021130014882310606     3.1409176583122185
5                        0.0013636363636363637    0.021130608232619124     3.14092884073749
5                        0.0014141414141414144    0.021131153379319        3.1409376320008233
5                        0.0014646464646464648    0.021131657031298275     3.140944554547338
5                        0.0015151515151515154    0.021132125746007768     3.140950171050714
5                        0.0015656565656565658    0.02113256564499828      3.1409550372048627
5                        0.0016161616161616164    0.02113298049495997      3.1409594015112927
5                        0.001666666666666667     0.02113337245430837      3.1409633119305416
5                        0.0017171717171717174    0.021133743087653784     3.1409667595492308
5                        0.001767676767676768     0.021134094316301526     3.140969815686099
5                        0.0018181818181818184    0.021134428135389814     3.140972583737996
5                        0.001868686868686869     0.02113474622423626      3.1409751431442876
5                        0.0019191919191919194    0.021135049755910847     3.140977515943259
5                        0.00196969696969697      0.02113533966732848      3.1409797001976667
5                        0.0020202020202020206    0.02113561687175042      3.140981705493596
5                        0.002070707070707071     0.02113588230832033      3.140983562830879
5                        0.0021212121212121214    0.02113613685328629      3.140985295977371
5                        0.002171717171717172     0.021136381250940015     3.140986915131243
5                        0.0022222222222222227    0.02113661610224888      3.1409884332594857
5                        0.002272727272727273     0.021136841966137587     3.1409898572127983
5                        0.0023232323232323234    0.021137059420572542     3.1409911817022653
5                        0.002373737373737374     0.021137268971371942     3.140992425374497
5                        0.0024242424242424247    0.021137471052579657     3.1409936097958346
5                        0.002474747474747475     0.021137666120322973     3.140994721306305
5                        0.0025252525252525255    0.02113785456391977      3.1409957638023376
5                        0.0025757575757575763    0.021138036704136793     3.1409967574186712
5                        0.0026262626262626267    0.02113821289152249      3.1409976977715726
5                        0.002676767676767677     0.021138383455214134     3.1409985817649275
5                        0.0027272727272727275    0.02113854865655166      3.1409994241682533
5                        0.0027777777777777783    0.02113870876371304      3.141000226377545
5                        0.0028282828282828287    0.021138864039001594     3.14100098669697
5                        0.002878787878787879     0.021139014708483055     3.1410017105788337
5                        0.0029292929292929295    0.021139160990147426     3.1410024001693757
5                        0.0029797979797979803    0.02113930308811028      3.1410030576163983
5                        0.0030303030303030307    0.01635030666095067      2.4186736407345184
5                        0.003080808080808081     0.010416591821596419     1.5359157910222463
5                        0.0031313131313131315    0.0065774917729324615    0.9660810833845087
5                        0.0031818181818181824    0.004054928308393654     0.5923770338461167
5                        0.0032323232323232328    0.0024932434307903227    0.361556428599174
5                        0.003282828282828283     0.0015467538828368545    0.2220554041168147
5                        0.003333333333333334     9.734317815498898E-4     0.1378422262529428
5                        0.0033838383838383844    6.187730044681903E-4     0.08595514030396693
5                        0.0034343434343434348    3.9530496813569387E-4    0.05341915818431756
5                        0.003484848484848485     2.556122289700108E-4     0.033215491286153746
5                        0.003535353535353536     1.6786073445719754E-4    0.020636115229592095
5                        0.0035858585858585864    1.1249069348995034E-4    0.012792969593779272
5                        0.003636363636363637     7.763960768715969E-5     0.007938411993630181
5                        0.003686868686868687     5.599928203645867E-5     0.004998503027786411
5                        0.003737373737373738     4.2356431657609856E-5    0.003208106342314054
5                        0.0037878787878787884    3.330362986053277E-5     0.0020684104302078564
5                        0.003838383838383839     2.715404286538246E-5     0.0013346062193841117
5                        0.003888888888888889     2.302997586580077E-5     8.80794204781484E-4
5                        0.00393939393939394      2.0186043432144755E-5    5.997123239744986E-4
5                        0.0039898989898989904    1.8125551694261394E-5    4.2043330634153553E-4
5                        0.004040404040404041     1.657772998566511E-5     3.0493272654514414E-4
5                        0.004090909090909091     1.537010324140209E-5     2.294002409041206E-4
5                        0.004141414141414142     1.4389169898079416E-5    1.784699326261717E-4
5                        0.004191919191919193     1.35707219068198E-5      1.437768321197989E-4
5                        0.004242424242424243     1.2871464517131624E-5    1.1985934974408267E-4
5                        0.004292929292929294     1.2259634089419545E-5    1.028262097030458E-4
5                        0.004343434343434344     1.1713836955392896E-5    9.019998822204088E-5
5                        0.0043939393939393945    1.1220249913681005E-5    8.051724302975752E-5
5                        0.004444444444444445     1.0769816757781154E-5    7.293112639077921E-5
5                        0.004494949494949495     1.0355337606375424E-5    6.680408443309897E-5
5                        0.004545454545454546     9.970950999212011E-6     6.164367975841307E-5
5                        0.004595959595959597     9.612526938583649E-6     5.716526313211888E-5
5                        0.004646464646464647     9.277403869838566E-6     5.325756047821248E-5
5                        0.004696969696969698     8.963295444928066E-6     4.9830767007366585E-5
5                        0.004747474747474748     8.668013847197923E-6     4.678139044655247E-5
5                        0.0047979797979797985    8.389692806019653E-6     4.403177068131366E-5
5                        0.004848484848484849     8.12685316421705E-6      4.153260889288529E-5
5                        0.004898989898989899     7.87815942514053E-6      3.9248106545485875E-5
5                        0.00494949494949495      7.642500773101486E-6     3.715516789549612E-5
5                        0.005000000000000001     7.418892260531704E-6     3.5232899804006476E-5
6                        0                        1.764520926274077E-6     3.25523184569737E-4
6                        5.050505050505051E-5     0.006955398801568749     1.2831491733113685
6                        1.0101010101010102E-4    0.011061089992982453     2.0405772386792407
6                        1.5151515151515154E-4    0.013455389887975532     2.482283604995284
6                        2.0202020202020205E-4    0.014868201929811508     2.7429226647020126
6                        2.525252525252526E-4     0.0157171302778404       2.899535065953275
6                        3.030303030303031E-4     0.016233685004622488     2.9948303595158867
6                        3.535353535353536E-4     0.016548160654213648     3.052845605127459
6                        4.040404040404041E-4     0.016741597457468678     3.0885313050083467
6                        4.545454545454546E-4     0.016859804177265316     3.110338373030488
6                        5.050505050505052E-4     0.016929961376067813     3.12328114658144
6                        5.555555555555557E-4     0.016970234182721967     3.1307107735574693
6                        6.060606060606062E-4     0.01699328553973773      3.134963344911371
6                        6.565656565656567E-4     0.017006823863722764     3.1374609284037063
6                        7.070707070707072E-4     0.01701489622449535      3.138950137483951
6                        7.575757575757577E-4     0.017019555088770094     3.139809616287865
6                        8.080808080808082E-4     0.017022149695288327     3.1402882757154402
6                        8.585858585858587E-4     0.01702367649249191      3.1405699430396985
6                        9.090909090909092E-4     0.017024667315250777     3.1407527324728024
6                        9.595959595959597E-4     0.01702530516597942      3.1408704047527807
6                        0.0010101010101010103    0.017025677110583868     3.140939022013323
6                        0.0010606060606060607    0.01702587445523536      3.140975428642709
6                        0.0011111111111111113    0.017025979895782778     3.1409948805756795
6                        0.0011616161616161617    0.01702604274863215      3.1410064758247818
6                        0.0012121212121212123    0.01702608379317959      3.141014047824407
6                        0.0012626262626262627    0.017026109023093337     3.1410187023012925
6                        0.0013131313131313133    0.017026124537970734     3.1410215645242503
6                        0.0013636363636363637    0.017026133733975615     3.141023261025974
6                        0.0014141414141414144    0.017026138947844056     3.1410242228933196
6                        0.0014646464646464648    0.01702614202220829      3.1410247900596318
6                        0.0015151515151515154    0.01702614383280948      3.141025124083824
6                        0.0015656565656565658    0.017026144935253992     3.1410253274655093
6                        0.0016161616161616164    0.01702614561253707      3.1410254524123715
6                        0.001666666666666667     0.01702614602861455      3.141025529171365
6                        0.0017171717171717174    0.017026146280361705     3.1410255756143113
6                        0.001767676767676768     0.017026146429249638     3.141025603081523
6                        0.0018181818181818184    0.017026146515147993     3.1410256189282624
6                        0.001868686868686869     0.017026146564619215     3.141025628054838
6                        0.0019191919191919194    0.017026146593694905     3.141025633418792
6                        0.00196969696969697      0.017026146610869555     3.141025636587214
6                        0.0020202020202020206    0.017026146620717976     3.141025638404076
6                        0.002070707070707071     0.017026146626274295     3.14102563942912
6                        0.0021212121212121214    0.017026146629570846     3.141025640037275
6                        0.002171717171717172     0.017026146631746546     3.141025640438655
6                        0.0022222222222222227    0.017026146633129957     3.1410256406938677
6                        0.002272727272727273     0.01702614663391823      3.1410256408392905
6                        0.0023232323232323234    0.017026146634336124     3.141025640916383
6                        0.002373737373737374     0.01702614663456291      3.1410256409582233
6                        0.0024242424242424247    0.017026146634700957     3.141025640983692
6                        0.002474747474747475     0.01702614663479005      3.1410256410001254
6                        0.0025252525252525255    0.017026146634847042     3.141025641010639
6                        0.0025757575757575763    0.017026146634880696     3.141025641016848
6                        0.0026262626262626267    0.017026146634900527     3.1410256410205073
6                        0.002676767676767677     0.017026146634912045     3.141025641022633
6                        0.0027272727272727275    0.017026146634918533     3.141025641023831
6                        0.0027777777777777783    0.017026146634922436     3.141025641024549
6                        0.0028282828282828287    0.017026146634924754     3.141025641024978
6                        0.002878787878787879     0.01702614663492618      3.141025641025241
6                        0.0029292929292929295    0.017026146634927054     3.1410256410254007
6                        0.0029797979797979803    0.017026146634927585     3.141025641025498
6                        0.0030303030303030307    0.013313729604067005     2.4561497654593993
6                        0.003080808080808081     0.00769148957285705      1.4189450193306758
6                        0.0031313131313131315    0.004524816700315994     0.8347493758497971
6                        0.0031818181818181824    0.00264452073631362      0.48786772598003325
6                        0.0032323232323232328    0.0015451644580417915    0.28505576078818845
6                        0.003282828282828283     9.155242762357555E-4     0.1688981827948439
6                        0.003333333333333334     5.461674786784408E-4     0.10075832727200797
6                        0.0033838383838383844    3.2675069382653057E-4    0.06027977613129312
6                        0.0034343434343434348    1.9536103999013524E-4    0.0360406878328892
6                        0.003484848484848485     1.1611126036227429E-4    0.02142049248310387
6                        0.003535353535353536     6.894301234482303E-5     0.012718777430260795
6                        0.0035858585858585864    4.078035957606468E-5     0.0075232615943697685
6                        0.003636363636363637     2.406328584287544E-5     0.004439254486669639
6                        0.003686868686868687     1.4204574687651858E-5    0.00262049506975635
6                        0.003737373737373738     8.396036939545527E-6     0.0015489216600548762
6                        0.0037878787878787884    4.968697179150051E-6     9.166375444098072E-4
6                        0.003838383838383839     2.9502247434069322E-6    5.442647572891892E-4
6                        0.003888888888888889     1.753934260262539E-6     3.235701302405219E-4
6                        0.00393939393939394      1.0407716374037969E-6    1.9200412575039703E-4
6                        0.0039898989898989904    6.174497094865284E-7     1.1390864950983243E-4
6                        0.004040404040404041     3.674011644199861E-7     6.777907548489743E-5
6                        0.004090909090909091     2.1839278838495174E-7    4.028964173990472E-5
6                        0.004141414141414142     1.2939898424424015E-7    2.3871844648624896E-5
6                        0.004191919191919193     7.687982809463015E-8     1.4182980829479343E-5
6                        0.004242424242424243     4.621220060682409E-8     8.525341061987826E-6
6                        0.004292929292929294     2.7661141976114966E-8    5.10299588449985E-6
6                        0.004343434343434344     1.6168759454211125E-8    2.9828527333929134E-6
6                        0.0043939393939393945    9.52806742324542E-9      1.7577614434725624E-6
6                        0.004444444444444445     5.7836672475774085E-9    1.0669852382576278E-6
6                        0.004494949494949495     3.4684001759313903E-9    6.398590426541235E-7
6                        0.004545454545454546     2.0239156067871816E-9    3.733769567765548E-7
6                        0.004595959595959597     1.1847869627829955E-9    2.185724291617898E-7
6                        0.004646464646464647     7.061629158493869E-10    1.3027468122922893E-7
6                        0.004696969696969698     4.2241304548364786E-10   7.792780336110723E-8
6                        0.004747474747474748     2.518909276029115E-10    4.646946131190425E-8
6                        0.0047979797979797985    1.5000395780790586E-10   2.767310113281266E-8
6                        0.004848484848484849     8.936422737093054E-11    1.6486133684924823E-8
6                        0.004898989898989899     5.301405925417742E-11    9.78016476790276E-9
6                        0.00494949494949495      3.125492827624221E-11    5.765986469458287E-9
6                        0.005000000000000001     1.8408751621985903E-11   3.396092028552831E-9
